AC  17614|ARNTL_CLOCK(SMILE-seq 1.0)
XX
NA  ARNTL_CLOCK
XX
DE  ARNTL_CLOCK
XX
OS  Homo sapiens
XX
BF  12899;
BF  12902;
XX
P0      A      C      G      T
01  0.255  0.194  0.265  0.286      d
02  0.284  0.175  0.453  0.087      r
03  0.153  0.073  0.158  0.615      t
04  0.008   0.98  0.005  0.007      C
05  0.924  0.029  0.014  0.033      A
06  0.012  0.938  0.014  0.037      C
07  0.076   0.02  0.899  0.006      G
08  0.038  0.054  0.035  0.873      T
09  0.005  0.009  0.895  0.091      G
10  0.316  0.298  0.139  0.247      m
XX
LN  http://floresta.eead.csic.es/footprintdb/index.php?motif=0b2a1eb2fafed104a1736414a70126bb
XX
RN  [1];
RX  PUBMED: 28092692
RL  Isakova A, Groux R, Imbeault M, Rainer P, Alpern D, Dainese R, Ambrosini G, Trono D, Bucher P, Deplancke B. SMiLE-seq identifies binding motifs of single and dimeric transcription factors. Nat Methods 14:316-322 (2017).
RN  [2];
RX  PUBMED: 24234003
RL  Sebastian, A., Contreras-Moreira, B. footprintDB: a database of transcription factors with annotated cis elements and binding interfaces. Bioinformatics 30, 258-65 (2014).
XX
//
AC  17616|CEBPB(SMILE-seq 1.0)|M08910(TRANSFAC 2017.3)
XX
NA  CEBPB
XX
DE  CEBPB
XX
OS  Homo sapiens
XX
BF  12901;
BF  261;
XX
P0      A      C      G      T
01  0.119  0.119  0.318  0.444      k
02  0.573  0.096  0.314  0.018      r
03  0.003  0.001  0.003  0.993      T
04  0.005  0.003  0.058  0.935      T
05  0.266  0.001  0.629  0.103      r
06  0.011   0.89  0.023  0.075      C
07    0.1  0.016  0.856  0.028      G
08  0.124  0.526  0.002  0.349      y
09  0.907  0.086  0.004  0.003      A
10  0.992  0.002  0.001  0.005      A
11  0.026  0.297  0.117  0.559      y
XX
LN  http://floresta.eead.csic.es/footprintdb/index.php?motif=2264ffa19cedac18b0ac31274f694bf9
XX
CC  In vitro expressed TF mixed with DNA libraries are loaded onto a microfluidic chip. Antibody-captured immobilized TF-DNA complexes are trapped and disrupted, followed by DNA amplification, sequencing, and hidden Markov model (HMM)-based motif discovery.
XX
RN  [1];
RX  PUBMED: 28092692
RL  Isakova A, Groux R, Imbeault M, Rainer P, Alpern D, Dainese R, Ambrosini G, Trono D, Bucher P, Deplancke B. SMiLE-seq identifies binding motifs of single and dimeric transcription factors. Nat Methods 14:316-322 (2017).
RN  [2];
RX  PUBMED: 10837022
RL  Rosen ED, Walkey CJ, Puigserver P, Spiegelman BM. Transcriptional regulation of adipogenesis. Genes Dev 14:1293-307 (2000).
RN  [3];
RX  PUBMED: 10600710
RL  Wu Z, Puigserver P, Spiegelman BM. Transcriptional activation of adipogenesis. Curr Opin Cell Biol 11:689-94 (1999).
RN  [4];
RX  PUBMED: 10555139
RL  Lowell BB. PPARgamma: an essential regulator of adipogenesis and modulator of fat cell function. Cell 99:239-42 (1999).
RN  [5];
RX  PUBMED: 10358756
RL  Kuo CT, Leiden JM. Transcriptional regulation of T lymphocyte development and function. Annu Rev Immunol : (1999;17:149-87.).
RN  [6];
RX  PUBMED: 24234003
RL  Sebastian, A., Contreras-Moreira, B. footprintDB: a database of transcription factors with annotated cis elements and binding interfaces. Bioinformatics 30, 258-65 (2014).
XX
//
AC  17617|CTCF(SMILE-seq 1.0)
XX
NA  CTCF
XX
DE  CTCF
XX
OS  Homo sapiens
XX
BF  12903;
XX
P0      A      C      G      T
01  0.312   0.21  0.106  0.372      w
02  0.628   0.04  0.154  0.179      a
03  0.063   0.07  0.779  0.088      G
04  0.136  0.019  0.803  0.043      G
05  0.057  0.154  0.665  0.124      g
06  0.015   0.04  0.927  0.018      G
07  0.034  0.109  0.803  0.054      G
08  0.143  0.643  0.134  0.081      c
09  0.151  0.053  0.771  0.025      G
10   0.08  0.507  0.251  0.162      s
11  0.175  0.179  0.181  0.465      t
12  0.348  0.196  0.339  0.118      r
13  0.143  0.099  0.363  0.395      k
14  0.276  0.204  0.203  0.316      w
15  0.189  0.215  0.421  0.175      g
16  0.184  0.264  0.406  0.145      s
17  0.239  0.159  0.448  0.154      g
XX
LN  http://floresta.eead.csic.es/footprintdb/index.php?motif=4fd525e4bd9a1d923b40b515ace914b5
XX
RN  [1];
RX  PUBMED: 28092692
RL  Isakova A, Groux R, Imbeault M, Rainer P, Alpern D, Dainese R, Ambrosini G, Trono D, Bucher P, Deplancke B. SMiLE-seq identifies binding motifs of single and dimeric transcription factors. Nat Methods 14:316-322 (2017).
RN  [2];
RX  PUBMED: 24234003
RL  Sebastian, A., Contreras-Moreira, B. footprintDB: a database of transcription factors with annotated cis elements and binding interfaces. Bioinformatics 30, 258-65 (2014).
XX
//
AC  17619|EN1(SMILE-seq 1.0)
XX
NA  EN1
XX
DE  EN1
XX
OS  Homo sapiens
XX
BF  12905;
XX
P0      A      C      G      T
01  0.405   0.18  0.369  0.046      r
02  0.172  0.352  0.184  0.293      y
03  0.007  0.323  0.002  0.668      y
04  0.958  0.009  0.026  0.007      A
05  0.993  0.002  0.002  0.002      A
06  0.002  0.002  0.002  0.994      T
07  0.007  0.062  0.008  0.923      T
08  0.826  0.002   0.16  0.012      A
XX
LN  http://floresta.eead.csic.es/footprintdb/index.php?motif=b6835659592aa339c6f05544cfceb877
XX
RN  [1];
RX  PUBMED: 28092692
RL  Isakova A, Groux R, Imbeault M, Rainer P, Alpern D, Dainese R, Ambrosini G, Trono D, Bucher P, Deplancke B. SMiLE-seq identifies binding motifs of single and dimeric transcription factors. Nat Methods 14:316-322 (2017).
RN  [2];
RX  PUBMED: 24234003
RL  Sebastian, A., Contreras-Moreira, B. footprintDB: a database of transcription factors with annotated cis elements and binding interfaces. Bioinformatics 30, 258-65 (2014).
XX
//
AC  17620|FLI1(SMILE-seq 1.0)
XX
NA  FLI1
XX
DE  FLI1
XX
OS  Homo sapiens
XX
BF  12906;
XX
P0      A      C      G      T
01  0.176  0.354  0.152  0.318      y
02  0.658  0.064  0.213  0.065      a
03  0.021  0.511  0.036  0.432      y
04  0.248  0.001  0.009  0.742      T
05  0.002  0.001  0.001  0.996      T
06  0.001  0.997  0.001  0.001      C
07  0.001  0.997  0.001  0.001      C
08  0.001  0.011  0.796  0.192      G
09  0.043  0.132  0.705   0.12      G
10  0.154  0.193  0.076  0.577      t
XX
LN  http://floresta.eead.csic.es/footprintdb/index.php?motif=c028d0cc79ad5384c783798a762a9c3c
XX
RN  [1];
RX  PUBMED: 28092692
RL  Isakova A, Groux R, Imbeault M, Rainer P, Alpern D, Dainese R, Ambrosini G, Trono D, Bucher P, Deplancke B. SMiLE-seq identifies binding motifs of single and dimeric transcription factors. Nat Methods 14:316-322 (2017).
RN  [2];
RX  PUBMED: 24234003
RL  Sebastian, A., Contreras-Moreira, B. footprintDB: a database of transcription factors with annotated cis elements and binding interfaces. Bioinformatics 30, 258-65 (2014).
XX
//
AC  17621|FOSL2(SMILE-seq 1.0)
XX
NA  FOSL2
XX
DE  FOSL2
XX
OS  Homo sapiens
XX
BF  12910;
XX
P0      A      C      G      T
01  0.533  0.091  0.331  0.045      r
02  0.048  0.073  0.029   0.85      T
03  0.116  0.047  0.682  0.154      G
04  0.803  0.073   0.04  0.084      A
05  0.183  0.377  0.287  0.153      s
06  0.118  0.039  0.161  0.682      T
07  0.178  0.623  0.053  0.146      c
08  0.792  0.039  0.088  0.081      A
XX
LN  http://floresta.eead.csic.es/footprintdb/index.php?motif=2ddc7d7eee695ad4405e2e2e82f58564
XX
RN  [1];
RX  PUBMED: 28092692
RL  Isakova A, Groux R, Imbeault M, Rainer P, Alpern D, Dainese R, Ambrosini G, Trono D, Bucher P, Deplancke B. SMiLE-seq identifies binding motifs of single and dimeric transcription factors. Nat Methods 14:316-322 (2017).
RN  [2];
RX  PUBMED: 24234003
RL  Sebastian, A., Contreras-Moreira, B. footprintDB: a database of transcription factors with annotated cis elements and binding interfaces. Bioinformatics 30, 258-65 (2014).
XX
//
AC  17622|FOSL2_2(SMILE-seq 1.0)|M08915(TRANSFAC 2017.3)
XX
NA  FOSL2
XX
DE  secondary motif
XX
OS  Homo sapiens
XX
BF  12910;
BF  990;
XX
P0      A      C      G      T
01  0.552  0.116  0.289  0.043      r
02  0.021  0.095  0.028  0.856      T
03  0.027  0.021  0.793  0.159      G
04  0.879  0.028  0.043   0.05      A
05  0.031  0.818  0.029  0.121      C
06   0.12  0.025  0.822  0.033      G
07  0.048  0.039  0.032  0.881      T
08  0.158  0.789  0.025  0.029      C
09  0.854  0.024    0.1  0.022      A
10  0.042  0.285   0.12  0.553      y
XX
LN  http://floresta.eead.csic.es/footprintdb/index.php?motif=0181f969451fe81f8953e57114473e31
XX
CC  In vitro expressed TF mixed with DNA libraries are loaded onto a microfluidic chip. Antibody-captured immobilized TF-DNA complexes are trapped and disrupted, followed by DNA amplification, sequencing, and hidden Markov model (HMM)-based motif discovery.
XX
RN  [1];
RX  PUBMED: 28092692
RL  Isakova A, Groux R, Imbeault M, Rainer P, Alpern D, Dainese R, Ambrosini G, Trono D, Bucher P, Deplancke B. SMiLE-seq identifies binding motifs of single and dimeric transcription factors. Nat Methods 14:316-322 (2017).
RN  [2];
RX  PUBMED: 14517545
RL  Bylund M, Andersson E, Novitch BG, Muhr J. Vertebrate neurogenesis is counteracted by Sox1-3 activity. Nat Neurosci 6:1162-8 (2003).
RN  [3];
RX  PUBMED: 8542253
RL  Wilkinson DG. Genetic control of segmentation in the vertebrate hindbrain. Perspect Dev Neurobiol : (1995;3(1):29-38.).
RN  [4];
RX  PUBMED: 24234003
RL  Sebastian, A., Contreras-Moreira, B. footprintDB: a database of transcription factors with annotated cis elements and binding interfaces. Bioinformatics 30, 258-65 (2014).
XX
//
AC  17623|FOXP2(SMILE-seq 1.0)
XX
NA  FOXP2
XX
DE  FOXP2
XX
OS  Homo sapiens
XX
BF  12911;
XX
P0      A      C      G      T
01  0.342  0.137  0.188  0.333      w
02  0.247  0.204  0.232  0.317      t
03  0.237  0.101  0.098  0.565      t
04   0.04  0.017  0.046  0.896      T
05  0.316  0.009   0.65  0.025      r
06   0.04  0.022  0.029  0.909      T
07  0.056  0.017  0.093  0.834      T
08  0.043  0.009  0.163  0.785      T
09  0.779  0.016  0.065   0.14      A
10  0.079  0.527  0.056  0.338      y
XX
LN  http://floresta.eead.csic.es/footprintdb/index.php?motif=7288b5e431ed039a25a70b999e0d3d85
XX
RN  [1];
RX  PUBMED: 28092692
RL  Isakova A, Groux R, Imbeault M, Rainer P, Alpern D, Dainese R, Ambrosini G, Trono D, Bucher P, Deplancke B. SMiLE-seq identifies binding motifs of single and dimeric transcription factors. Nat Methods 14:316-322 (2017).
RN  [2];
RX  PUBMED: 24234003
RL  Sebastian, A., Contreras-Moreira, B. footprintDB: a database of transcription factors with annotated cis elements and binding interfaces. Bioinformatics 30, 258-65 (2014).
XX
//
AC  17624|GABPA(SMILE-seq 1.0)|M08917(TRANSFAC 2017.3)
XX
NA  GABPA
XX
DE  GABPA
XX
OS  Homo sapiens
XX
BF  12912;
BF  626;
XX
P0      A      C      G      T
01  0.489  0.119  0.267  0.126      r
02  0.147  0.625  0.179  0.048      c
03  0.173  0.817  0.008  0.001      C
04  0.001  0.001  0.998  0.001      G
05  0.001  0.001  0.998  0.001      G
06  0.996  0.001  0.001  0.002      A
07  0.685  0.016  0.001  0.298      W
08  0.355  0.073  0.562   0.01      r
09  0.085  0.207  0.078  0.629      t
10  0.327  0.171  0.302    0.2      r
11  0.292  0.221   0.31  0.177      r
XX
LN  http://floresta.eead.csic.es/footprintdb/index.php?motif=64c6ddd0bd6e38de7013c78ae5447afc
XX
CC  In vitro expressed TF mixed with DNA libraries are loaded onto a microfluidic chip. Antibody-captured immobilized TF-DNA complexes are trapped and disrupted, followed by DNA amplification, sequencing, and hidden Markov model (HMM)-based motif discovery.
XX
RN  [1];
RX  PUBMED: 28092692
RL  Isakova A, Groux R, Imbeault M, Rainer P, Alpern D, Dainese R, Ambrosini G, Trono D, Bucher P, Deplancke B. SMiLE-seq identifies binding motifs of single and dimeric transcription factors. Nat Methods 14:316-322 (2017).
RN  [2];
RX  PUBMED: 24234003
RL  Sebastian, A., Contreras-Moreira, B. footprintDB: a database of transcription factors with annotated cis elements and binding interfaces. Bioinformatics 30, 258-65 (2014).
XX
//
AC  17626|GATA3(SMILE-seq 1.0)
XX
NA  GATA3
XX
DE  GATA3
XX
OS  Homo sapiens
XX
BF  12914;
XX
P0      A      C      G      T
01  0.502  0.226  0.001  0.271      w
02      0      0  0.999      0      G
03  0.999      0      0      0      A
04      0      0      0  0.999      T
05  0.914  0.002      0  0.083      A
06  0.862  0.015  0.076  0.047      A
07  0.114  0.301  0.476  0.109      s
08  0.423  0.188  0.321  0.068      r
XX
LN  http://floresta.eead.csic.es/footprintdb/index.php?motif=6603041d18aff7954237b96e15c1a883
XX
RN  [1];
RX  PUBMED: 28092692
RL  Isakova A, Groux R, Imbeault M, Rainer P, Alpern D, Dainese R, Ambrosini G, Trono D, Bucher P, Deplancke B. SMiLE-seq identifies binding motifs of single and dimeric transcription factors. Nat Methods 14:316-322 (2017).
RN  [2];
RX  PUBMED: 24234003
RL  Sebastian, A., Contreras-Moreira, B. footprintDB: a database of transcription factors with annotated cis elements and binding interfaces. Bioinformatics 30, 258-65 (2014).
XX
//
AC  17627|GCM1(SMILE-seq 1.0)
XX
NA  GCM1
XX
DE  GCM1
XX
OS  Homo sapiens
XX
BF  12915;
XX
P0      A      C      G      T
01  0.109  0.307  0.132  0.451      y
02  0.624  0.005  0.365  0.006      r
03      0  0.999      0      0      C
04      0  0.999      0      0      C
05  0.129  0.842  0.001  0.028      C
06  0.026  0.057  0.839  0.078      G
07      0  0.741  0.036  0.223      C
08  0.995      0  0.003  0.002      A
09  0.003  0.133   0.14  0.724      T
XX
LN  http://floresta.eead.csic.es/footprintdb/index.php?motif=f42b481fac5992c00038b82ae6e7c2f7
XX
RN  [1];
RX  PUBMED: 28092692
RL  Isakova A, Groux R, Imbeault M, Rainer P, Alpern D, Dainese R, Ambrosini G, Trono D, Bucher P, Deplancke B. SMiLE-seq identifies binding motifs of single and dimeric transcription factors. Nat Methods 14:316-322 (2017).
RN  [2];
RX  PUBMED: 24234003
RL  Sebastian, A., Contreras-Moreira, B. footprintDB: a database of transcription factors with annotated cis elements and binding interfaces. Bioinformatics 30, 258-65 (2014).
XX
//
AC  17631|JUNB_1(SMILE-seq 1.0)
XX
NA  JUNB
XX
DE  JUNB
XX
OS  Homo sapiens
XX
BF  12920;
XX
P0      A      C      G      T
01  0.598  0.154  0.199   0.05      a
02  0.027  0.022  0.019  0.933      T
03  0.014  0.079  0.753  0.155      G
04  0.945  0.016  0.017  0.022      A
05  0.043  0.686  0.178  0.093      C
06  0.062  0.019  0.207  0.712      T
07  0.156  0.708  0.044  0.092      C
08  0.872  0.026  0.054  0.048      A
XX
LN  http://floresta.eead.csic.es/footprintdb/index.php?motif=925fb6905ea4fd801b3cff84298d8fe1
XX
RN  [1];
RX  PUBMED: 28092692
RL  Isakova A, Groux R, Imbeault M, Rainer P, Alpern D, Dainese R, Ambrosini G, Trono D, Bucher P, Deplancke B. SMiLE-seq identifies binding motifs of single and dimeric transcription factors. Nat Methods 14:316-322 (2017).
RN  [2];
RX  PUBMED: 24234003
RL  Sebastian, A., Contreras-Moreira, B. footprintDB: a database of transcription factors with annotated cis elements and binding interfaces. Bioinformatics 30, 258-65 (2014).
XX
//
AC  17632|JUNB_2(SMILE-seq 1.0)|M08927(TRANSFAC 2017.3)
XX
NA  JUNB
XX
DE  secondary motif
XX
OS  Homo sapiens
XX
BF  12920;
BF  980;
XX
P0      A      C      G      T
01  0.528  0.102  0.274  0.096      r
02  0.043  0.025  0.036  0.896      T
03  0.031  0.069  0.608  0.291      k
04   0.85   0.02  0.066  0.064      A
05   0.03  0.825  0.061  0.084      C
06  0.083  0.058  0.828  0.032      G
07  0.062  0.063  0.023  0.852      T
08   0.29  0.605  0.072  0.033      m
09  0.894  0.033  0.029  0.045      A
10  0.095  0.271  0.105   0.53      y
XX
LN  http://floresta.eead.csic.es/footprintdb/index.php?motif=b87d3fd141122929c200b4dd9012d37a
XX
CC  In vitro expressed TF mixed with DNA libraries are loaded onto a microfluidic chip. Antibody-captured immobilized TF-DNA complexes are trapped and disrupted, followed by DNA amplification, sequencing, and hidden Markov model (HMM)-based motif discovery.
XX
RN  [1];
RX  PUBMED: 28092692
RL  Isakova A, Groux R, Imbeault M, Rainer P, Alpern D, Dainese R, Ambrosini G, Trono D, Bucher P, Deplancke B. SMiLE-seq identifies binding motifs of single and dimeric transcription factors. Nat Methods 14:316-322 (2017).
RN  [2];
RX  PUBMED: 10358756
RL  Kuo CT, Leiden JM. Transcriptional regulation of T lymphocyte development and function. Annu Rev Immunol : (1999;17:149-87.).
RN  [3];
RX  PUBMED: 11290504
RL  Costa RH, Kalinichenko VV, Lim L. Transcription factors in mouse lung development and function. Am J Physiol Lung Cell Mol Physiol : (2001).
RN  [4];
RX  PUBMED: 10845115
RL  Mendelson CR. Role of transcription factors in fetal lung development and surfactant protein gene expression. Annu Rev Physiol : (2000;62:875-915.).
RN  [5];
RX  PUBMED: 24234003
RL  Sebastian, A., Contreras-Moreira, B. footprintDB: a database of transcription factors with annotated cis elements and binding interfaces. Bioinformatics 30, 258-65 (2014).
XX
//
AC  17633|JUNB_FOSB_1(SMILE-seq 1.0)
XX
NA  JUNB_FOSB
XX
DE  JUNB_FOSB
XX
OS  Homo sapiens
XX
BF  12908;
BF  12920;
XX
P0      A      C      G      T
01  0.119  0.182  0.429   0.27      k
02  0.598  0.061  0.321   0.02      r
03  0.001      0  0.001  0.998      T
04  0.001      0   0.98  0.019      G
05  0.997  0.001  0.001  0.001      A
06  0.034  0.596  0.309  0.061      s
07  0.002  0.001  0.039  0.958      T
08  0.191  0.808  0.001  0.001      C
09  0.998      0  0.001  0.001      A
10  0.037  0.259  0.126  0.578      y
XX
LN  http://floresta.eead.csic.es/footprintdb/index.php?motif=1797fc5722e2219961d11a9f52839147
XX
RN  [1];
RX  PUBMED: 28092692
RL  Isakova A, Groux R, Imbeault M, Rainer P, Alpern D, Dainese R, Ambrosini G, Trono D, Bucher P, Deplancke B. SMiLE-seq identifies binding motifs of single and dimeric transcription factors. Nat Methods 14:316-322 (2017).
RN  [2];
RX  PUBMED: 24234003
RL  Sebastian, A., Contreras-Moreira, B. footprintDB: a database of transcription factors with annotated cis elements and binding interfaces. Bioinformatics 30, 258-65 (2014).
XX
//
AC  17634|JUNB_FOSB_2(SMILE-seq 1.0)|M08921(TRANSFAC 2017.3)
XX
NA  JUNB_FOSB
XX
DE  heteromer, secondary motif
XX
OS  Homo sapiens
XX
BF  12908;
BF  12920;
BF  16056;
XX
P0      A      C      G      T
01  0.561  0.059  0.368  0.012      r
02   0.03  0.036  0.016  0.917      T
03  0.013  0.046    0.7  0.242      G
04  0.869  0.044   0.06  0.028      A
05   0.03  0.842  0.027  0.101      C
06  0.052  0.035  0.893   0.02      G
07  0.056   0.08  0.028  0.836      T
08  0.173  0.776  0.036  0.015      C
09  0.923  0.016   0.03  0.031      A
10  0.011   0.26  0.065  0.664      y
XX
LN  http://floresta.eead.csic.es/footprintdb/index.php?motif=94b031ce30db0a79b676ff19fa62a93f
XX
CC  In vitro expressed TF mixed with DNA libraries are loaded onto a microfluidic chip. Antibody-captured immobilized TF-DNA complexes are trapped and disrupted, followed by DNA amplification, sequencing, and hidden Markov model (HMM)-based motif discovery.
XX
RN  [1];
RX  PUBMED: 28092692
RL  Isakova A, Groux R, Imbeault M, Rainer P, Alpern D, Dainese R, Ambrosini G, Trono D, Bucher P, Deplancke B. SMiLE-seq identifies binding motifs of single and dimeric transcription factors. Nat Methods 14:316-322 (2017).
RN  [2];
RX  PUBMED: 24234003
RL  Sebastian, A., Contreras-Moreira, B. footprintDB: a database of transcription factors with annotated cis elements and binding interfaces. Bioinformatics 30, 258-65 (2014).
XX
//
AC  17635|JUNB_FOSL1_1(SMILE-seq 1.0)|M08922(TRANSFAC 2017.3)
XX
NA  JUNB_FOSL1
XX
DE  heteromer
XX
OS  Homo sapiens
XX
BF  12909;
BF  12920;
BF  2330;
XX
P0      A      C      G      T
01  0.237  0.269  0.195    0.3      y
02  0.216  0.146  0.376  0.263      k
03  0.566    0.1  0.287  0.047      r
04  0.023  0.016  0.016  0.945      T
05  0.036  0.021   0.88  0.063      G
06  0.917   0.02  0.021  0.042      A
07  0.063  0.626  0.198  0.113      c
08  0.059  0.023  0.115  0.803      T
09  0.271  0.683  0.009  0.037      M
10  0.904  0.021  0.038  0.037      A
11  0.053  0.225   0.17  0.552      t
12    0.3  0.298  0.204  0.198      m
13  0.247    0.3  0.223   0.23      c
XX
LN  http://floresta.eead.csic.es/footprintdb/index.php?motif=be76b59bbc5a9069c33b056f5dd0aa29
XX
CC  In vitro expressed TF mixed with DNA libraries are loaded onto a microfluidic chip. Antibody-captured immobilized TF-DNA complexes are trapped and disrupted, followed by DNA amplification, sequencing, and hidden Markov model (HMM)-based motif discovery.
XX
RN  [1];
RX  PUBMED: 28092692
RL  Isakova A, Groux R, Imbeault M, Rainer P, Alpern D, Dainese R, Ambrosini G, Trono D, Bucher P, Deplancke B. SMiLE-seq identifies binding motifs of single and dimeric transcription factors. Nat Methods 14:316-322 (2017).
RN  [2];
RX  PUBMED: 24234003
RL  Sebastian, A., Contreras-Moreira, B. footprintDB: a database of transcription factors with annotated cis elements and binding interfaces. Bioinformatics 30, 258-65 (2014).
XX
//
AC  17636|JUNB_FOSL2_1(SMILE-seq 1.0)|M08923(TRANSFAC 2017.3)
XX
NA  JUNB_FOSL2
XX
DE  heteromer
XX
OS  Homo sapiens
XX
BF  12910;
BF  12920;
BF  2325;
XX
P0      A      C      G      T
01  0.151  0.164  0.407  0.277      k
02  0.621  0.053  0.314  0.013      r
03      0      0      0  0.999      T
04      0      0  0.985  0.014      G
05  0.999      0      0      0      A
06  0.054  0.568  0.292  0.085      s
07  0.001      0  0.026  0.973      T
08  0.168  0.831      0      0      C
09  0.999      0      0      0      A
10  0.035  0.251  0.112  0.602      y
XX
LN  http://floresta.eead.csic.es/footprintdb/index.php?motif=8752222b972a28e22512f7326dde2f1e
XX
CC  In vitro expressed TF mixed with DNA libraries are loaded onto a microfluidic chip. Antibody-captured immobilized TF-DNA complexes are trapped and disrupted, followed by DNA amplification, sequencing, and hidden Markov model (HMM)-based motif discovery.
XX
RN  [1];
RX  PUBMED: 28092692
RL  Isakova A, Groux R, Imbeault M, Rainer P, Alpern D, Dainese R, Ambrosini G, Trono D, Bucher P, Deplancke B. SMiLE-seq identifies binding motifs of single and dimeric transcription factors. Nat Methods 14:316-322 (2017).
RN  [2];
RX  PUBMED: 24234003
RL  Sebastian, A., Contreras-Moreira, B. footprintDB: a database of transcription factors with annotated cis elements and binding interfaces. Bioinformatics 30, 258-65 (2014).
XX
//
AC  17637|JUNB_FOSL2_2(SMILE-seq 1.0)|M08924(TRANSFAC 2017.3)
XX
NA  JUNB_FOSL2
XX
DE  heteromer, secondary motif
XX
OS  Homo sapiens
XX
BF  12910;
BF  12920;
BF  2325;
XX
P0      A      C      G      T
01  0.227   0.15  0.359  0.263      k
02  0.638  0.065  0.268  0.029      r
03  0.008  0.017  0.006  0.969      T
04  0.012  0.021   0.78  0.187      G
05  0.972  0.005  0.013   0.01      A
06   0.01  0.899  0.017  0.074      C
07  0.074  0.016    0.9   0.01      G
08   0.01  0.012  0.006  0.972      T
09  0.186  0.778  0.023  0.013      C
10  0.968  0.005  0.019  0.008      A
11  0.028  0.266  0.067  0.639      y
12  0.263  0.358  0.151  0.228      m
XX
LN  http://floresta.eead.csic.es/footprintdb/index.php?motif=b742362dcad01869b36b2ac34727ffd1
XX
CC  In vitro expressed TF mixed with DNA libraries are loaded onto a microfluidic chip. Antibody-captured immobilized TF-DNA complexes are trapped and disrupted, followed by DNA amplification, sequencing, and hidden Markov model (HMM)-based motif discovery.
XX
RN  [1];
RX  PUBMED: 28092692
RL  Isakova A, Groux R, Imbeault M, Rainer P, Alpern D, Dainese R, Ambrosini G, Trono D, Bucher P, Deplancke B. SMiLE-seq identifies binding motifs of single and dimeric transcription factors. Nat Methods 14:316-322 (2017).
RN  [2];
RX  PUBMED: 24234003
RL  Sebastian, A., Contreras-Moreira, B. footprintDB: a database of transcription factors with annotated cis elements and binding interfaces. Bioinformatics 30, 258-65 (2014).
XX
//
AC  17638|JUNB_FOS_1(SMILE-seq 1.0)|M08925(TRANSFAC 2017.3)
XX
NA  JUNB_FOS
XX
DE  heteromer
XX
OS  Homo sapiens
XX
BF  12907;
BF  12920;
BF  14417;
XX
P0      A      C      G      T
01  0.174  0.168  0.372  0.286      k
02  0.593  0.105  0.267  0.036      r
03  0.001  0.001  0.001  0.998      T
04  0.001  0.001  0.868  0.131      G
05  0.965   0.03  0.001  0.004      A
06  0.048  0.309  0.618  0.025      s
07  0.001  0.001  0.003  0.996      T
08  0.027  0.971  0.001  0.001      C
09  0.998  0.001  0.001  0.001      A
10  0.007  0.284  0.051  0.658      y
11  0.275  0.363  0.178  0.184      m
12  0.283  0.304  0.256  0.156      v
XX
LN  http://floresta.eead.csic.es/footprintdb/index.php?motif=6d7ad3b4c1b7f046e0fa24b260f54402
XX
CC  In vitro expressed TF mixed with DNA libraries are loaded onto a microfluidic chip. Antibody-captured immobilized TF-DNA complexes are trapped and disrupted, followed by DNA amplification, sequencing, and hidden Markov model (HMM)-based motif discovery.
XX
RN  [1];
RX  PUBMED: 28092692
RL  Isakova A, Groux R, Imbeault M, Rainer P, Alpern D, Dainese R, Ambrosini G, Trono D, Bucher P, Deplancke B. SMiLE-seq identifies binding motifs of single and dimeric transcription factors. Nat Methods 14:316-322 (2017).
RN  [2];
RX  PUBMED: 24234003
RL  Sebastian, A., Contreras-Moreira, B. footprintDB: a database of transcription factors with annotated cis elements and binding interfaces. Bioinformatics 30, 258-65 (2014).
XX
//
AC  17639|JUND_1(SMILE-seq 1.0)
XX
NA  JUND
XX
DE  JUND
XX
OS  Homo sapiens
XX
BF  12921;
XX
P0      A      C      G      T
01  0.237  0.119  0.323   0.32      k
02  0.607  0.095  0.256  0.042      r
03  0.014   0.02   0.03  0.936      T
04  0.041  0.032  0.889  0.038      G
05  0.638  0.319  0.015  0.027      m
06  0.075  0.073  0.816  0.036      G
07  0.016  0.014  0.019  0.951      T
08  0.075  0.888  0.013  0.024      C
09  0.938  0.014  0.034  0.014      A
10  0.017  0.212   0.07  0.701      T
XX
LN  http://floresta.eead.csic.es/footprintdb/index.php?motif=2683f9126d81283d195bdf77f1355a8a
XX
RN  [1];
RX  PUBMED: 28092692
RL  Isakova A, Groux R, Imbeault M, Rainer P, Alpern D, Dainese R, Ambrosini G, Trono D, Bucher P, Deplancke B. SMiLE-seq identifies binding motifs of single and dimeric transcription factors. Nat Methods 14:316-322 (2017).
RN  [2];
RX  PUBMED: 24234003
RL  Sebastian, A., Contreras-Moreira, B. footprintDB: a database of transcription factors with annotated cis elements and binding interfaces. Bioinformatics 30, 258-65 (2014).
XX
//
AC  17640|JUND_2(SMILE-seq 1.0)|M08935(TRANSFAC 2017.3)
XX
NA  JUND
XX
DE  secondary motif
XX
OS  Homo sapiens
XX
BF  12921;
BF  981;
XX
P0      A      C      G      T
01  0.581  0.135  0.182  0.103      a
02  0.052  0.044  0.044   0.86      T
03  0.061  0.053  0.791  0.095      G
04  0.844  0.026  0.079   0.05      A
05  0.052   0.68  0.138   0.13      C
06  0.081  0.044  0.779  0.096      G
07  0.063  0.085  0.035  0.816      T
08  0.398  0.451  0.104  0.047      m
09  0.795  0.047  0.057  0.102      A
10  0.177  0.199  0.153  0.472      t
11  0.224  0.398  0.169  0.209      c
XX
LN  http://floresta.eead.csic.es/footprintdb/index.php?motif=1ff0228fd735beb901e322e4187e25be
XX
CC  In vitro expressed TF mixed with DNA libraries are loaded onto a microfluidic chip. Antibody-captured immobilized TF-DNA complexes are trapped and disrupted, followed by DNA amplification, sequencing, and hidden Markov model (HMM)-based motif discovery.
XX
RN  [1];
RX  PUBMED: 28092692
RL  Isakova A, Groux R, Imbeault M, Rainer P, Alpern D, Dainese R, Ambrosini G, Trono D, Bucher P, Deplancke B. SMiLE-seq identifies binding motifs of single and dimeric transcription factors. Nat Methods 14:316-322 (2017).
RN  [2];
RX  PUBMED: 11290504
RL  Costa RH, Kalinichenko VV, Lim L. Transcription factors in mouse lung development and function. Am J Physiol Lung Cell Mol Physiol : (2001).
RN  [3];
RX  PUBMED: 10845115
RL  Mendelson CR. Role of transcription factors in fetal lung development and surfactant protein gene expression. Annu Rev Physiol : (2000;62:875-915.).
RN  [4];
RX  PUBMED: 24234003
RL  Sebastian, A., Contreras-Moreira, B. footprintDB: a database of transcription factors with annotated cis elements and binding interfaces. Bioinformatics 30, 258-65 (2014).
XX
//
AC  17641|JUND_FOSB_1(SMILE-seq 1.0)
XX
NA  JUND_FOSB
XX
DE  JUND_FOSB
XX
OS  Homo sapiens
XX
BF  12908;
BF  12921;
XX
P0      A      C      G      T
01  0.201  0.227  0.208  0.364      t
02  0.472  0.078  0.204  0.247      a
03  0.083  0.075  0.041  0.802      T
04  0.209  0.064  0.499  0.228      g
05  0.714  0.098  0.076  0.112      A
06  0.191  0.562   0.07  0.178      c
07  0.242  0.072   0.08  0.605      t
08   0.26  0.433  0.068  0.239      m
09  0.684  0.084  0.132    0.1      A
10  0.209  0.159  0.099  0.533      t
11  0.371  0.186  0.162  0.281      w
XX
LN  http://floresta.eead.csic.es/footprintdb/index.php?motif=6039448f01efd460c94e07034511e4ae
XX
RN  [1];
RX  PUBMED: 28092692
RL  Isakova A, Groux R, Imbeault M, Rainer P, Alpern D, Dainese R, Ambrosini G, Trono D, Bucher P, Deplancke B. SMiLE-seq identifies binding motifs of single and dimeric transcription factors. Nat Methods 14:316-322 (2017).
RN  [2];
RX  PUBMED: 24234003
RL  Sebastian, A., Contreras-Moreira, B. footprintDB: a database of transcription factors with annotated cis elements and binding interfaces. Bioinformatics 30, 258-65 (2014).
XX
//
AC  17642|JUND_FOSL1_1(SMILE-seq 1.0)|M08929(TRANSFAC 2017.3)
XX
NA  JUND_FOSL1
XX
DE  heteromer
XX
OS  Homo sapiens
XX
BF  12909;
BF  12921;
BF  15190;
XX
P0      A      C      G      T
01  0.265  0.221  0.279  0.235      r
02  0.551  0.127  0.282   0.04      r
03   0.03  0.023  0.034  0.913      T
04  0.022  0.061  0.777   0.14      G
05  0.864  0.012  0.082  0.041      A
06  0.049  0.581  0.191   0.18      c
07  0.098  0.045  0.187  0.669      t
08   0.27  0.641  0.025  0.064      m
09  0.912   0.04  0.017  0.031      A
10  0.174  0.212  0.144   0.47      t
XX
LN  http://floresta.eead.csic.es/footprintdb/index.php?motif=06a2e6e8ae98d65ae241b335b0e6c332
XX
CC  In vitro expressed TF mixed with DNA libraries are loaded onto a microfluidic chip. Antibody-captured immobilized TF-DNA complexes are trapped and disrupted, followed by DNA amplification, sequencing, and hidden Markov model (HMM)-based motif discovery.
XX
RN  [1];
RX  PUBMED: 28092692
RL  Isakova A, Groux R, Imbeault M, Rainer P, Alpern D, Dainese R, Ambrosini G, Trono D, Bucher P, Deplancke B. SMiLE-seq identifies binding motifs of single and dimeric transcription factors. Nat Methods 14:316-322 (2017).
RN  [2];
RX  PUBMED: 24234003
RL  Sebastian, A., Contreras-Moreira, B. footprintDB: a database of transcription factors with annotated cis elements and binding interfaces. Bioinformatics 30, 258-65 (2014).
XX
//
AC  17643|JUND_FOSL1_2(SMILE-seq 1.0)|M08930(TRANSFAC 2017.3)
XX
NA  JUND_FOSL1
XX
DE  heteromer, secondary motif
XX
OS  Homo sapiens
XX
BF  12909;
BF  12921;
BF  15190;
XX
P0      A      C      G      T
01  0.561  0.075  0.324   0.04      r
02  0.036   0.05  0.044   0.87      T
03  0.039  0.101  0.777  0.082      G
04   0.87  0.045  0.041  0.044      A
05  0.032  0.835  0.064  0.068      C
06  0.116  0.059  0.649  0.176      g
07  0.117  0.262  0.039  0.582      y
08  0.546   0.33  0.083  0.041      m
09  0.645  0.066    0.1  0.188      a
10  0.123  0.401  0.082  0.394      y
XX
LN  http://floresta.eead.csic.es/footprintdb/index.php?motif=0810fe65efafbd787daf47d1f291498e
XX
CC  In vitro expressed TF mixed with DNA libraries are loaded onto a microfluidic chip. Antibody-captured immobilized TF-DNA complexes are trapped and disrupted, followed by DNA amplification, sequencing, and hidden Markov model (HMM)-based motif discovery.
XX
RN  [1];
RX  PUBMED: 28092692
RL  Isakova A, Groux R, Imbeault M, Rainer P, Alpern D, Dainese R, Ambrosini G, Trono D, Bucher P, Deplancke B. SMiLE-seq identifies binding motifs of single and dimeric transcription factors. Nat Methods 14:316-322 (2017).
RN  [2];
RX  PUBMED: 24234003
RL  Sebastian, A., Contreras-Moreira, B. footprintDB: a database of transcription factors with annotated cis elements and binding interfaces. Bioinformatics 30, 258-65 (2014).
XX
//
AC  17644|JUND_FOSL2_1(SMILE-seq 1.0)|M08931(TRANSFAC 2017.3)
XX
NA  JUND_FOSL2
XX
DE  heteromer
XX
OS  Homo sapiens
XX
BF  12910;
BF  12921;
BF  2331;
XX
P0      A      C      G      T
01  0.137  0.143  0.446  0.275      k
02  0.634   0.06  0.291  0.014      r
03      0      0      0  0.999      T
04      0      0   0.99   0.01      G
05  0.998  0.001      0      0      A
06  0.046  0.604  0.292  0.058      s
07  0.006      0   0.06  0.934      T
08   0.14   0.86      0      0      C
09  0.999      0      0      0      A
10  0.038  0.266  0.113  0.583      y
XX
LN  http://floresta.eead.csic.es/footprintdb/index.php?motif=ef7ed847e3a13e23d316ad6703498985
XX
CC  In vitro expressed TF mixed with DNA libraries are loaded onto a microfluidic chip. Antibody-captured immobilized TF-DNA complexes are trapped and disrupted, followed by DNA amplification, sequencing, and hidden Markov model (HMM)-based motif discovery.
XX
RN  [1];
RX  PUBMED: 28092692
RL  Isakova A, Groux R, Imbeault M, Rainer P, Alpern D, Dainese R, Ambrosini G, Trono D, Bucher P, Deplancke B. SMiLE-seq identifies binding motifs of single and dimeric transcription factors. Nat Methods 14:316-322 (2017).
RN  [2];
RX  PUBMED: 24234003
RL  Sebastian, A., Contreras-Moreira, B. footprintDB: a database of transcription factors with annotated cis elements and binding interfaces. Bioinformatics 30, 258-65 (2014).
XX
//
AC  17645|JUND_FOSL2_2(SMILE-seq 1.0)|M08932(TRANSFAC 2017.3)
XX
NA  JUND_FOSL2
XX
DE  heteromer, secondary motif
XX
OS  Homo sapiens
XX
BF  12910;
BF  12921;
BF  2331;
XX
P0      A      C      G      T
01  0.198  0.177  0.286  0.339      k
02  0.219  0.189   0.34  0.252      k
03  0.559  0.045   0.34  0.057      r
04  0.026  0.027   0.01  0.937      T
05  0.007  0.046  0.678  0.268      k
06  0.943  0.006  0.031   0.02      A
07  0.012  0.911  0.035  0.041      C
08  0.135  0.015  0.823  0.028      G
09  0.028  0.012   0.01   0.95      T
10  0.033  0.942  0.015  0.011      C
11  0.972  0.006  0.011  0.011      A
12  0.023  0.345  0.055  0.577      y
13  0.217  0.434  0.104  0.245      c
14  0.162  0.222  0.416    0.2      g
15  0.248  0.288  0.241  0.223      c
XX
LN  http://floresta.eead.csic.es/footprintdb/index.php?motif=8fe94335bec591e7ee05e91c5920e304
XX
CC  In vitro expressed TF mixed with DNA libraries are loaded onto a microfluidic chip. Antibody-captured immobilized TF-DNA complexes are trapped and disrupted, followed by DNA amplification, sequencing, and hidden Markov model (HMM)-based motif discovery.
XX
RN  [1];
RX  PUBMED: 28092692
RL  Isakova A, Groux R, Imbeault M, Rainer P, Alpern D, Dainese R, Ambrosini G, Trono D, Bucher P, Deplancke B. SMiLE-seq identifies binding motifs of single and dimeric transcription factors. Nat Methods 14:316-322 (2017).
RN  [2];
RX  PUBMED: 24234003
RL  Sebastian, A., Contreras-Moreira, B. footprintDB: a database of transcription factors with annotated cis elements and binding interfaces. Bioinformatics 30, 258-65 (2014).
XX
//
AC  17646|JUND_FOS_1(SMILE-seq 1.0)|M08933(TRANSFAC 2017.3)
XX
NA  JUND_FOS
XX
DE  heteromer
XX
OS  Homo sapiens
XX
BF  12907;
BF  12921;
BF  14167;
XX
P0      A      C      G      T
01  0.183  0.244  0.315  0.258      k
02  0.182  0.167  0.389  0.263      k
03  0.593  0.104  0.266  0.038      r
04      0  0.001      0  0.999      T
05      0      0  0.871  0.129      G
06  0.894  0.091      0  0.015      A
07  0.075   0.04  0.867  0.019      G
08      0      0      0  0.999      T
09  0.029   0.97      0      0      C
10  0.999      0      0      0      A
11  0.021   0.29  0.077  0.612      y
12   0.25   0.37  0.195  0.185      m
13  0.264  0.264  0.292   0.18      v
XX
LN  http://floresta.eead.csic.es/footprintdb/index.php?motif=7b6075aa832e4d69d680f03923291e44
XX
CC  In vitro expressed TF mixed with DNA libraries are loaded onto a microfluidic chip. Antibody-captured immobilized TF-DNA complexes are trapped and disrupted, followed by DNA amplification, sequencing, and hidden Markov model (HMM)-based motif discovery.
XX
RN  [1];
RX  PUBMED: 28092692
RL  Isakova A, Groux R, Imbeault M, Rainer P, Alpern D, Dainese R, Ambrosini G, Trono D, Bucher P, Deplancke B. SMiLE-seq identifies binding motifs of single and dimeric transcription factors. Nat Methods 14:316-322 (2017).
RN  [2];
RX  PUBMED: 24234003
RL  Sebastian, A., Contreras-Moreira, B. footprintDB: a database of transcription factors with annotated cis elements and binding interfaces. Bioinformatics 30, 258-65 (2014).
XX
//
AC  17647|JUN_1(SMILE-seq 1.0)|M08946(TRANSFAC 2017.3)
XX
NA  JUN
XX
DE  JUN
XX
OS  Homo sapiens
XX
BF  12919;
BF  59;
XX
P0      A      C      G      T
01  0.135    0.2  0.309  0.356      k
02  0.841  0.023  0.116   0.02      A
03  0.008  0.005  0.011  0.976      T
04  0.016  0.006  0.927  0.051      G
05  0.679  0.303  0.007  0.011      m
06  0.019  0.026  0.939  0.016      G
07  0.007  0.008  0.009  0.976      T
08  0.017  0.963  0.009  0.011      C
09  0.976  0.006  0.008  0.009      A
10  0.021  0.202  0.068  0.708      T
11    0.2  0.439  0.191   0.17      c
XX
LN  http://floresta.eead.csic.es/footprintdb/index.php?motif=9f4d7a4c1a2f91d0c1dea1cf27389d51
XX
CC  In vitro expressed TF mixed with DNA libraries are loaded onto a microfluidic chip. Antibody-captured immobilized TF-DNA complexes are trapped and disrupted, followed by DNA amplification, sequencing, and hidden Markov model (HMM)-based motif discovery.
XX
RN  [1];
RX  PUBMED: 28092692
RL  Isakova A, Groux R, Imbeault M, Rainer P, Alpern D, Dainese R, Ambrosini G, Trono D, Bucher P, Deplancke B. SMiLE-seq identifies binding motifs of single and dimeric transcription factors. Nat Methods 14:316-322 (2017).
RN  [2];
RX  PUBMED: 10358756
RL  Kuo CT, Leiden JM. Transcriptional regulation of T lymphocyte development and function. Annu Rev Immunol : (1999;17:149-87.).
RN  [3];
RX  PUBMED: 24234003
RL  Sebastian, A., Contreras-Moreira, B. footprintDB: a database of transcription factors with annotated cis elements and binding interfaces. Bioinformatics 30, 258-65 (2014).
XX
//
AC  17648|JUN_2(SMILE-seq 1.0)|M08947(TRANSFAC 2017.3)
XX
NA  JUN
XX
DE  secondary motif
XX
OS  Homo sapiens
XX
BF  12919;
BF  59;
XX
P0      A      C      G      T
01  0.368  0.244  0.183  0.206      a
02  0.222  0.167  0.203  0.407      t
03  0.299  0.152  0.309   0.24      r
04  0.152  0.067  0.476  0.306      k
05  0.731  0.038  0.211   0.02      A
06  0.017  0.024  0.017  0.942      T
07   0.02  0.013  0.878   0.09      G
08  0.932  0.018  0.023  0.026      A
09  0.032  0.913  0.027  0.028      C
10  0.055  0.052  0.805  0.088      G
11  0.058  0.144  0.014  0.784      T
12  0.261  0.682  0.014  0.042      M
13  0.913  0.018  0.023  0.046      A
14  0.133  0.194  0.115  0.558      t
15  0.258  0.337  0.175   0.23      m
16  0.234  0.383   0.29  0.093      s
17   0.17  0.185  0.313  0.332      k
XX
LN  http://floresta.eead.csic.es/footprintdb/index.php?motif=ba3a9a29dd0e3cd4d73544a894714a43
XX
CC  In vitro expressed TF mixed with DNA libraries are loaded onto a microfluidic chip. Antibody-captured immobilized TF-DNA complexes are trapped and disrupted, followed by DNA amplification, sequencing, and hidden Markov model (HMM)-based motif discovery.
XX
RN  [1];
RX  PUBMED: 28092692
RL  Isakova A, Groux R, Imbeault M, Rainer P, Alpern D, Dainese R, Ambrosini G, Trono D, Bucher P, Deplancke B. SMiLE-seq identifies binding motifs of single and dimeric transcription factors. Nat Methods 14:316-322 (2017).
RN  [2];
RX  PUBMED: 10358756
RL  Kuo CT, Leiden JM. Transcriptional regulation of T lymphocyte development and function. Annu Rev Immunol : (1999;17:149-87.).
RN  [3];
RX  PUBMED: 24234003
RL  Sebastian, A., Contreras-Moreira, B. footprintDB: a database of transcription factors with annotated cis elements and binding interfaces. Bioinformatics 30, 258-65 (2014).
XX
//
AC  17649|JUN_FOSB_1(SMILE-seq 1.0)|M08936(TRANSFAC 2017.3)
XX
NA  JUN_FOSB
XX
DE  heteromer
XX
OS  Homo sapiens
XX
BF  12908;
BF  12919;
BF  17026;
XX
P0      A      C      G      T
01  0.186  0.192  0.328  0.293      k
02  0.572  0.116  0.282   0.03      r
03  0.001  0.001  0.001  0.997      T
04  0.001  0.001   0.94  0.058      G
05  0.997  0.001  0.001  0.001      A
06  0.034   0.71  0.122  0.134      C
