MEME version 4.4

ALPHABET= ACGT

strands: + -

Background letter frequencies (from uniform background):
A 0.25000 C 0.25000 G 0.25000 T 0.25000

MOTIF 4991_usp_DrosophilaTF usp

letter-probability matrix: alength= 4 w= 9 nsites= 1 E= 0
  0.030000	  0.030000	  0.940000	  0.000000	
  0.050000	  0.000000	  0.950000	  0.000000	
  0.000000	  0.000000	  1.000000	  0.000000	
  0.000000	  0.000000	  1.000000	  0.000000	
  0.000000	  0.000000	  0.000000	  1.000000	
  0.000000	  0.940000	  0.030000	  0.030000	
  0.950000	  0.000000	  0.050000	  0.000000	
  0.110000	  0.680000	  0.050000	  0.160000	
  0.130000	  0.240000	  0.550000	  0.080000	

MOTIF M02709_2.00  usp

letter-probability matrix: alength= 4 w= 10 nsites= 1 E= 0
  0.000000	  0.026316	  0.973684	  0.000000	
  0.026316	  0.000000	  0.947368	  0.026316	
  0.000000	  0.000000	  1.000000	  0.000000	
  0.000000	  0.000000	  1.000000	  0.000000	
  0.000000	  0.000000	  0.000000	  1.000000	
  0.000000	  0.947368	  0.026316	  0.026316	
  0.921053	  0.000000	  0.078947	  0.000000	
  0.131579	  0.657895	  0.078947	  0.131579	
  0.131579	  0.210526	  0.578947	  0.078947	
  0.157895	  0.263158	  0.421053	  0.157895	

MOTIF M03934_2.00  usp

letter-probability matrix: alength= 4 w= 15 nsites= 1 E= 0
  0.690449	  0.157339	  0.030861	  0.121352	
  0.509352	  0.003365	  0.481247	  0.006037	
  0.692203	  0.000052	  0.307640	  0.000105	
  0.000394	  0.000482	  0.998291	  0.000832	
  0.000225	  0.000225	  0.996584	  0.002967	
  0.000588	  0.000923	  0.002938	  0.995551	
  0.001797	  0.992675	  0.001889	  0.003639	
  0.995829	  0.001637	  0.002059	  0.000475	
  0.993212	  0.003765	  0.002333	  0.000689	
  0.996029	  0.002195	  0.001359	  0.000418	
  0.000518	  0.001080	  0.997020	  0.001382	
  0.000393	  0.001136	  0.996286	  0.002185	
  0.000834	  0.001627	  0.002252	  0.995287	
  0.000232	  0.998425	  0.000185	  0.001158	
  0.999232	  0.000154	  0.000512	  0.000102	

MOTIF M06426_2.00  usp

letter-probability matrix: alength= 4 w= 9 nsites= 1 E= 0
  0.523810	  0.285714	  0.000000	  0.190476	
  0.428571	  0.000000	  0.571429	  0.000000	
  0.714286	  0.000000	  0.285714	  0.000000	
  0.000000	  0.000000	  1.000000	  0.000000	
  0.000000	  0.000000	  1.000000	  0.000000	
  0.000000	  0.000000	  0.000000	  1.000000	
  0.000000	  1.000000	  0.000000	  0.000000	
  1.000000	  0.000000	  0.000000	  0.000000	
  0.428571	  0.333333	  0.047619	  0.190476	

MOTIF M09689_2.00  usp

letter-probability matrix: alength= 4 w= 9 nsites= 1 E= 0
  0.003289	  0.016447	  0.476974	  0.503289	
  0.516447	  0.003289	  0.476974	  0.003289	
  0.003289	  0.003289	  0.990132	  0.003289	
  0.003289	  0.003289	  0.990132	  0.003289	
  0.003289	  0.016447	  0.003289	  0.976974	
  0.003289	  0.990132	  0.003289	  0.003289	
  0.976974	  0.003289	  0.016447	  0.003289	
  0.069079	  0.832237	  0.029605	  0.069079	
  0.039474	  0.131579	  0.789474	  0.039474	

MOTIF M11191_2.00  usp

letter-probability matrix: alength= 4 w= 9 nsites= 1 E= 0
  0.150000	  0.040000	  0.800000	  0.010000	
  0.250000	  0.060000	  0.660000	  0.030000	
  0.010000	  0.030000	  0.930000	  0.030000	
  0.020000	  0.040000	  0.900000	  0.040000	
  0.010000	  0.000000	  0.070000	  0.920000	
  0.000000	  0.840000	  0.100000	  0.060000	
  0.800000	  0.050000	  0.140000	  0.010000	
  0.110000	  0.470000	  0.110000	  0.310000	
  0.120000	  0.290000	  0.490000	  0.100000	

MOTIF M11192_2.00  usp

letter-probability matrix: alength= 4 w= 9 nsites= 1 E= 0
  0.026316	  0.026316	  0.947368	  0.000000	
  0.052632	  0.000000	  0.947368	  0.000000	
  0.000000	  0.000000	  1.000000	  0.000000	
  0.000000	  0.000000	  1.000000	  0.000000	
  0.000000	  0.000000	  0.000000	  1.000000	
  0.000000	  0.947368	  0.026316	  0.026316	
  0.947368	  0.000000	  0.052632	  0.000000	
  0.105263	  0.657895	  0.078947	  0.157895	
  0.131579	  0.263158	  0.526316	  0.078947	

MOTIF usp_SANGER_5_FBgn0003964 usp

letter-probability matrix: alength= 4 w= 9 nsites= 21 E= 0
  0.523810	  0.285714	  0.000000	  0.190476	
  0.428571	  0.000000	  0.571429	  0.000000	
  0.714286	  0.000000	  0.285714	  0.000000	
  0.000000	  0.000000	  1.000000	  0.000000	
  0.000000	  0.000000	  1.000000	  0.000000	
  0.000000	  0.000000	  0.000000	  1.000000	
  0.000000	  1.000000	  0.000000	  0.000000	
  1.000000	  0.000000	  0.000000	  0.000000	
  0.428571	  0.333333	  0.047619	  0.190476	

MOTIF MA0016.1 usp

letter-probability matrix: alength= 4 w= 10 nsites= 38 E= 0
 0.000000  0.026316  0.973684  0.000000
 0.026316  0.000000  0.947368  0.026316
 0.000000  0.000000  1.000000  0.000000
 0.000000  0.000000  1.000000  0.000000
 0.000000  0.000000  0.000000  1.000000
 0.000000  0.947368  0.026316  0.026316
 0.921053  0.000000  0.078947  0.000000
 0.131579  0.657895  0.078947  0.131579
 0.131579  0.210526  0.578947  0.078947
 0.157895  0.263158  0.421053  0.157895
