MEME version 4.4

ALPHABET= ACGT

strands: + -

Background letter frequencies (from uniform background):
A 0.25000 C 0.25000 G 0.25000 T 0.25000

MOTIF 4944_Su(H)_DrosophilaTF Su(H)

letter-probability matrix: alength= 4 w= 7 nsites= 1 E= 0
  0.500000	  0.000000	  0.500000	  0.000000	
  0.000000	  0.000000	  0.000000	  1.000000	
  0.000000	  0.000000	  1.000000	  0.000000	
  0.500000	  0.000000	  0.500000	  0.000000	
  0.000000	  0.000000	  1.000000	  0.000000	
  1.000000	  0.000000	  0.000000	  0.000000	
  0.500000	  0.000000	  0.500000	  0.000000	

MOTIF M08455_2.00  Su(H)

letter-probability matrix: alength= 4 w= 16 nsites= 1 E= 0
  0.500000	  0.200000	  0.100000	  0.200000	
  0.100000	  0.200000	  0.300000	  0.400000	
  0.200000	  0.400000	  0.100000	  0.300000	
  0.200000	  0.200000	  0.200000	  0.400000	
  0.300000	  0.400000	  0.200000	  0.100000	
  0.100000	  0.100000	  0.700000	  0.100000	
  0.000000	  0.000000	  0.500000	  0.500000	
  0.000000	  0.000000	  0.000000	  1.000000	
  0.000000	  0.000000	  0.000000	  1.000000	
  0.000000	  1.000000	  0.000000	  0.000000	
  0.000000	  0.700000	  0.000000	  0.300000	
  0.000000	  1.000000	  0.000000	  0.000000	
  1.000000	  0.000000	  0.000000	  0.000000	
  0.000000	  1.000000	  0.000000	  0.000000	
  0.600000	  0.000000	  0.400000	  0.000000	
  0.300000	  0.300000	  0.300000	  0.100000	

MOTIF M10415_2.00  Su(H)

letter-probability matrix: alength= 4 w= 13 nsites= 1 E= 0
  0.300000	  0.400000	  0.200000	  0.100000	
  0.100000	  0.100000	  0.700000	  0.100000	
  0.000000	  0.000000	  0.500000	  0.500000	
  0.000000	  0.000000	  0.000000	  1.000000	
  0.000000	  0.000000	  0.000000	  1.000000	
  0.000000	  1.000000	  0.000000	  0.000000	
  0.000000	  0.700000	  0.000000	  0.300000	
  0.000000	  1.000000	  0.000000	  0.000000	
  1.000000	  0.000000	  0.000000	  0.000000	
  0.000000	  1.000000	  0.000000	  0.000000	
  0.600000	  0.000000	  0.400000	  0.000000	
  0.300000	  0.300000	  0.300000	  0.100000	
  0.100000	  0.200000	  0.100000	  0.600000	

MOTIF MA0085.1 Su(H)

letter-probability matrix: alength= 4 w= 16 nsites= 10 E= 0
 0.100000  0.300000  0.300000  0.300000
 0.000000  0.400000  0.000000  0.600000
 0.000000  0.000000  1.000000  0.000000
 0.000000  0.000000  0.000000  1.000000
 0.000000  0.000000  1.000000  0.000000
 0.300000  0.000000  0.700000  0.000000
 0.000000  0.000000  1.000000  0.000000
 1.000000  0.000000  0.000000  0.000000
 1.000000  0.000000  0.000000  0.000000
 0.500000  0.500000  0.000000  0.000000
 0.100000  0.700000  0.100000  0.100000
 0.100000  0.200000  0.400000  0.300000
 0.400000  0.200000  0.200000  0.200000
 0.300000  0.100000  0.400000  0.200000
 0.400000  0.300000  0.200000  0.100000
 0.200000  0.100000  0.200000  0.500000

MOTIF SuH

letter-probability matrix: alength= 4 w= 14 nsites= 3 E= 0
  0.333333	  0.000000	  0.000000	  0.666667	
  0.666667	  0.000000	  0.333333	  0.000000	
  0.000000	  0.000000	  1.000000	  0.000000	
  0.000000	  0.000000	  0.000000	  1.000000	
  0.000000	  0.000000	  0.000000	  1.000000	
  0.000000	  0.666667	  0.000000	  0.333333	
  0.000000	  0.333333	  0.000000	  0.666667	
  0.000000	  1.000000	  0.000000	  0.000000	
  1.000000	  0.000000	  0.000000	  0.000000	
  0.333333	  0.666667	  0.000000	  0.000000	
  0.333333	  0.333333	  0.333333	  0.000000	
  0.333333	  0.000000	  0.000000	  0.666667	
  0.000000	  0.000000	  0.000000	  1.000000	
  0.000000	  0.666667	  0.333333	  0.000000	

MOTIF SuH_FlyReg_FBgn0004837 SuH

letter-probability matrix: alength= 4 w= 14 nsites= 3 E= 0
  0.333333	  0.000000	  0.000000	  0.666667	
  0.666667	  0.000000	  0.333333	  0.000000	
  0.000000	  0.000000	  1.000000	  0.000000	
  0.000000	  0.000000	  0.000000	  1.000000	
  0.000000	  0.000000	  0.000000	  1.000000	
  0.000000	  0.666667	  0.000000	  0.333333	
  0.000000	  0.333333	  0.000000	  0.666667	
  0.000000	  1.000000	  0.000000	  0.000000	
  1.000000	  0.000000	  0.000000	  0.000000	
  0.333333	  0.666667	  0.000000	  0.000000	
  0.333333	  0.333333	  0.333333	  0.000000	
  0.333333	  0.000000	  0.000000	  0.666667	
  0.000000	  0.000000	  0.000000	  1.000000	
  0.000000	  0.666667	  0.333333	  0.000000	
