>M03679_2.00
0.375631	0.408586	0.106313	0.109470
0.050869	0.814908	0.048351	0.085873
0.065882	0.041307	0.046797	0.846013
0.000000	0.995080	0.000000	0.004920
0.008356	0.020889	0.005073	0.965682
0.002429	0.982691	0.003340	0.011540
0.001200	0.021909	0.005702	0.971188
0.003657	0.986285	0.006705	0.003353
0.015593	0.952045	0.005590	0.026773
0.042161	0.852701	0.024506	0.080632
>M06113_2.00
0.056338	0.309859	0.126761	0.507042
0.084507	0.323944	0.154930	0.436620
0.169014	0.084507	0.422535	0.323944
0.000000	0.901408	0.042254	0.056338
0.042254	0.000000	0.197183	0.760563
0.014085	0.985915	0.000000	0.000000
0.183099	0.000000	0.028169	0.788732
0.070423	0.760563	0.098592	0.070423
0.098592	0.183099	0.154930	0.563380
0.126761	0.464789	0.140845	0.267606
>M07541_2.00
0.056338	0.309859	0.126761	0.507042
0.084507	0.323944	0.154930	0.436620
0.169014	0.084507	0.422535	0.323944
0.000000	0.901408	0.042254	0.056338
0.042254	0.000000	0.197183	0.760563
0.014085	0.985915	0.000000	0.000000
0.183099	0.000000	0.028169	0.788732
0.070423	0.760563	0.098592	0.070423
0.098592	0.183099	0.154930	0.563380
0.126761	0.464789	0.140845	0.267606
>Trl
0.056338	0.309859	0.126761	0.507042
0.084507	0.323944	0.154930	0.436620
0.169014	0.084507	0.422535	0.323944
0.000000	0.901408	0.042254	0.056338
0.042254	0.000000	0.197183	0.760563
0.014085	0.985915	0.000000	0.000000
0.183099	0.000000	0.028169	0.788732
0.070423	0.760563	0.098592	0.070423
0.098592	0.183099	0.154930	0.563380
0.126761	0.464789	0.140845	0.267606
>Trl_FlyReg_FBgn0013263
0.056338	0.309859	0.126761	0.507042
0.084507	0.323944	0.154930	0.436620
0.169014	0.084507	0.422535	0.323944
0.000000	0.901408	0.042254	0.056338
0.042254	0.000000	0.197183	0.760563
0.014085	0.985915	0.000000	0.000000
0.183099	0.000000	0.028169	0.788732
0.070423	0.760563	0.098592	0.070423
0.098592	0.183099	0.154930	0.563380
0.126761	0.464789	0.140845	0.267606
>MA0205.2
