MEME version 4.4

ALPHABET= ACGT

strands: + -

Background letter frequencies (from uniform background):
A 0.25000 C 0.25000 G 0.25000 T 0.25000

MOTIF M03679_2.00  Trl

letter-probability matrix: alength= 4 w= 10 nsites= 1 E= 0
  0.375631	  0.408586	  0.106313	  0.109470	
  0.050869	  0.814908	  0.048351	  0.085873	
  0.065882	  0.041307	  0.046797	  0.846013	
  0.000000	  0.995080	  0.000000	  0.004920	
  0.008356	  0.020889	  0.005073	  0.965682	
  0.002429	  0.982691	  0.003340	  0.011540	
  0.001200	  0.021909	  0.005702	  0.971188	
  0.003657	  0.986285	  0.006705	  0.003353	
  0.015593	  0.952045	  0.005590	  0.026773	
  0.042161	  0.852701	  0.024506	  0.080632	

MOTIF M06113_2.00  Trl

letter-probability matrix: alength= 4 w= 10 nsites= 1 E= 0
  0.056338	  0.309859	  0.126761	  0.507042	
  0.084507	  0.323944	  0.154930	  0.436620	
  0.169014	  0.084507	  0.422535	  0.323944	
  0.000000	  0.901408	  0.042254	  0.056338	
  0.042254	  0.000000	  0.197183	  0.760563	
  0.014085	  0.985915	  0.000000	  0.000000	
  0.183099	  0.000000	  0.028169	  0.788732	
  0.070423	  0.760563	  0.098592	  0.070423	
  0.098592	  0.183099	  0.154930	  0.563380	
  0.126761	  0.464789	  0.140845	  0.267606	

MOTIF M07541_2.00  Trl

letter-probability matrix: alength= 4 w= 10 nsites= 1 E= 0
  0.056338	  0.309859	  0.126761	  0.507042	
  0.084507	  0.323944	  0.154930	  0.436620	
  0.169014	  0.084507	  0.422535	  0.323944	
  0.000000	  0.901408	  0.042254	  0.056338	
  0.042254	  0.000000	  0.197183	  0.760563	
  0.014085	  0.985915	  0.000000	  0.000000	
  0.183099	  0.000000	  0.028169	  0.788732	
  0.070423	  0.760563	  0.098592	  0.070423	
  0.098592	  0.183099	  0.154930	  0.563380	
  0.126761	  0.464789	  0.140845	  0.267606	

MOTIF Trl

letter-probability matrix: alength= 4 w= 10 nsites= 71 E= 0
  0.056338	  0.309859	  0.126761	  0.507042	
  0.084507	  0.323944	  0.154930	  0.436620	
  0.169014	  0.084507	  0.422535	  0.323944	
  0.000000	  0.901408	  0.042254	  0.056338	
  0.042254	  0.000000	  0.197183	  0.760563	
  0.014085	  0.985915	  0.000000	  0.000000	
  0.183099	  0.000000	  0.028169	  0.788732	
  0.070423	  0.760563	  0.098592	  0.070423	
  0.098592	  0.183099	  0.154930	  0.563380	
  0.126761	  0.464789	  0.140845	  0.267606	

MOTIF Trl_FlyReg_FBgn0013263 Trl

letter-probability matrix: alength= 4 w= 10 nsites= 71 E= 0
  0.056338	  0.309859	  0.126761	  0.507042	
  0.084507	  0.323944	  0.154930	  0.436620	
  0.169014	  0.084507	  0.422535	  0.323944	
  0.000000	  0.901408	  0.042254	  0.056338	
  0.042254	  0.000000	  0.197183	  0.760563	
  0.014085	  0.985915	  0.000000	  0.000000	
  0.183099	  0.000000	  0.028169	  0.788732	
  0.070423	  0.760563	  0.098592	  0.070423	
  0.098592	  0.183099	  0.154930	  0.563380	
  0.126761	  0.464789	  0.140845	  0.267606	

MOTIF MA0205.2 Trl

letter-probability matrix: alength= 4 w= 12 nsites= 6858 E= 0
 0.322251  0.193934  0.391805  0.092009
 0.381744  0.196559  0.287547  0.134150
 0.598863  0.087052  0.277340  0.036745
 0.964275  0.006853  0.006416  0.022456
 0.013269  0.007874  0.952902  0.025955
 0.983231  0.003062  0.006416  0.007291
 0.001458  0.005541  0.989064  0.003937
 0.962817  0.026538  0.006562  0.004083
 0.020560  0.004229  0.967921  0.007291
 0.744386  0.123214  0.072178  0.060222
 0.275299  0.090551  0.554097  0.080052
 0.435112  0.126859  0.317731  0.120297
