MEME version 4

ALPHABET= ACGT

strands: + -

Background letter frequencies (from uniform background):
A 0.25000 C 0.25000 G 0.25000 T 0.25000 

MOTIF 4932_Abd-B_DrosophilaTF Abd-B

letter-probability matrix: alength= 4 w= 14 nsites= 1 E= 0
  0.333333	  0.208321	  0.333333	  0.125013	
  0.103410	  0.413841	  0.379338	  0.103410	
  0.264700	  0.264700	  0.264700	  0.205900	
  0.000000	  0.027800	  0.194400	  0.777800	
  0.102590	  0.051295	  0.102590	  0.743526	
  0.244424	  0.044404	  0.177818	  0.533353	
  0.800000	  0.044400	  0.000000	  0.155600	
  0.133300	  0.155600	  0.022200	  0.688900	
  0.046500	  0.046500	  0.697700	  0.209300	
  0.238124	  0.095210	  0.571457	  0.095210	
  0.025000	  0.800000	  0.150000	  0.025000	
  0.222200	  0.277800	  0.305600	  0.194400	
  0.354800	  0.258100	  0.258100	  0.129000	
  0.185200	  0.333300	  0.259300	  0.222200	

MOTIF 4933_Adf1_DrosophilaTF Adf1

letter-probability matrix: alength= 4 w= 12 nsites= 1 E= 0
  0.000000	  0.000000	  1.000000	  0.000000	
  0.000000	  1.000000	  0.000000	  0.000000	
  0.000000	  0.000000	  0.000000	  1.000000	
  0.000000	  0.500000	  0.500000	  0.000000	
  0.000000	  1.000000	  0.000000	  0.000000	
  0.000000	  0.500000	  0.000000	  0.500000	
  0.000000	  0.000000	  0.500000	  0.500000	
  0.000000	  1.000000	  0.000000	  0.000000	
  0.000000	  0.500000	  0.000000	  0.500000	
  0.000000	  0.000000	  1.000000	  0.000000	
  0.000000	  0.500000	  0.000000	  0.500000	
  0.333333	  0.333333	  0.000000	  0.333333	

MOTIF 4934_Aef1_DrosophilaTF Aef1

letter-probability matrix: alength= 4 w= 6 nsites= 1 E= 0
  0.000000	  1.000000	  0.000000	  0.000000	
  1.000000	  0.000000	  0.000000	  0.000000	
  1.000000	  0.000000	  0.000000	  0.000000	
  0.000000	  1.000000	  0.000000	  0.000000	
  1.000000	  0.000000	  0.000000	  0.000000	
  1.000000	  0.000000	  0.000000	  0.000000	

MOTIF 4935_Cf2_DrosophilaTF Cf2

letter-probability matrix: alength= 4 w= 9 nsites= 1 E= 0
  0.330000	  0.150000	  0.510000	  0.010000	
  0.000000	  0.060000	  0.000000	  0.940000	
  0.940000	  0.000000	  0.060000	  0.000000	
  0.000000	  0.080000	  0.040000	  0.880000	
  0.940000	  0.020000	  0.040000	  0.000000	
  0.010000	  0.040000	  0.000000	  0.950000	
  0.510000	  0.030000	  0.410000	  0.050000	
  0.020000	  0.130000	  0.020000	  0.830000	
  0.630000	  0.060000	  0.260000	  0.050000	

MOTIF 4936_Dip3_DrosophilaTF Dip3

letter-probability matrix: alength= 4 w= 12 nsites= 1 E= 0
  0.040000	  0.640000	  0.080000	  0.240000	
  0.038496	  0.730727	  0.038496	  0.192281	
  0.461500	  0.115400	  0.115400	  0.307700	
  0.192300	  0.423100	  0.307700	  0.076900	
  0.346200	  0.192300	  0.269200	  0.192300	
  0.076900	  0.576900	  0.038500	  0.307700	
  0.115400	  0.653800	  0.038500	  0.192300	
  0.346200	  0.115400	  0.153800	  0.384600	
  0.192319	  0.076908	  0.269227	  0.461546	
  0.269200	  0.192300	  0.307700	  0.230800	
  0.076900	  0.653800	  0.038500	  0.230800	
  0.047600	  0.666700	  0.190500	  0.095200	

MOTIF 4937_Dref_DrosophilaTF Dref

letter-probability matrix: alength= 4 w= 8 nsites= 1 E= 0
  0.000000	  0.000000	  0.000000	  1.000000	
  1.000000	  0.000000	  0.000000	  0.000000	
  0.000000	  0.000000	  0.000000	  1.000000	
  0.000000	  1.000000	  0.000000	  0.000000	
  0.000000	  0.000000	  1.000000	  0.000000	
  1.000000	  0.000000	  0.000000	  0.000000	
  0.000000	  0.000000	  0.000000	  1.000000	
  1.000000	  0.000000	  0.000000	  0.000000	

MOTIF 4938_EcR/usp_DrosophilaTF EcR/usp

letter-probability matrix: alength= 4 w= 15 nsites= 1 E= 0
  0.250000	  0.170000	  0.580000	  0.000000	
  0.670000	  0.040000	  0.290000	  0.000000	
  0.000000	  0.000000	  1.000000	  0.000000	
  0.000000	  0.000000	  0.830000	  0.170000	
  0.000000	  0.000000	  0.000000	  1.000000	
  0.000000	  0.790000	  0.000000	  0.210000	
  1.000000	  0.000000	  0.000000	  0.000000	
  0.630000	  0.080000	  0.080000	  0.210000	
  0.000000	  0.080000	  0.040000	  0.880000	
  0.040000	  0.000000	  0.960000	  0.000000	
  0.700000	  0.130000	  0.130000	  0.040000	
  0.210000	  0.790000	  0.000000	  0.000000	
  0.210000	  0.750000	  0.000000	  0.040000	
  0.040000	  0.380000	  0.040000	  0.540000	
  0.040000	  0.750000	  0.040000	  0.170000	

MOTIF 4939_Eip74EF_DrosophilaTF Eip74EF

letter-probability matrix: alength= 4 w= 17 nsites= 1 E= 0
  0.285700	  0.357100	  0.142900	  0.214300	
  0.214279	  0.214279	  0.428557	  0.142886	
  0.733300	  0.066700	  0.133300	  0.066700	
  0.687500	  0.000000	  0.125000	  0.187500	
  0.117612	  0.411841	  0.117612	  0.352935	
  0.117612	  0.705971	  0.117612	  0.058806	
  0.294100	  0.705900	  0.000000	  0.000000	
  0.000000	  0.000000	  1.000000	  0.000000	
  0.000000	  0.000000	  1.000000	  0.000000	
  1.000000	  0.000000	  0.000000	  0.000000	
  1.000000	  0.000000	  0.000000	  0.000000	
  0.294129	  0.058806	  0.588259	  0.058806	
  0.066700	  0.133300	  0.066700	  0.733300	
  0.200000	  0.133300	  0.466700	  0.200000	
  0.333300	  0.200000	  0.266700	  0.200000	
  0.142900	  0.071400	  0.428600	  0.357100	
  0.166700	  0.250000	  0.500000	  0.083300	

MOTIF 4940_Hr46_DrosophilaTF Hr46

letter-probability matrix: alength= 4 w= 6 nsites= 1 E= 0
  0.000000	  0.000000	  1.000000	  0.000000	
  0.000000	  0.000000	  1.000000	  0.000000	
  0.000000	  0.000000	  1.000000	  0.000000	
  0.000000	  0.000000	  0.000000	  1.000000	
  0.000000	  1.000000	  0.000000	  0.000000	
  1.000000	  0.000000	  0.000000	  0.000000	

MOTIF 4941_Kr_DrosophilaTF Kr

letter-probability matrix: alength= 4 w= 10 nsites= 1 E= 0
  1.000000	  0.000000	  0.000000	  0.000000	
  1.000000	  0.000000	  0.000000	  0.000000	
  0.000000	  1.000000	  0.000000	  0.000000	
  0.000000	  0.000000	  1.000000	  0.000000	
  0.000000	  0.000000	  1.000000	  0.000000	
  0.000000	  0.000000	  1.000000	  0.000000	
  0.000000	  0.000000	  0.000000	  1.000000	
  0.000000	  0.000000	  0.000000	  1.000000	
  1.000000	  0.000000	  0.000000	  0.000000	
  1.000000	  0.000000	  0.000000	  0.000000	

MOTIF 4942_Rel_DrosophilaTF Rel

letter-probability matrix: alength= 4 w= 11 nsites= 1 E= 0
  0.060000	  0.130000	  0.710000	  0.100000	
  0.000000	  0.000000	  1.000000	  0.000000	
  0.000000	  0.000000	  1.000000	  0.000000	
  0.000000	  0.000000	  1.000000	  0.000000	
  1.000000	  0.000000	  0.000000	  0.000000	
  0.550000	  0.100000	  0.030000	  0.320000	
  0.060000	  0.200000	  0.160000	  0.580000	
  0.030000	  0.810000	  0.000000	  0.160000	
  0.480000	  0.520000	  0.000000	  0.000000	
  0.000000	  0.940000	  0.000000	  0.060000	
  0.190000	  0.390000	  0.230000	  0.190000	

MOTIF 4943_Stat92E_DrosophilaTF Stat92E

letter-probability matrix: alength= 4 w= 21 nsites= 1 E= 0
  0.250000	  0.178600	  0.321400	  0.250000	
  0.250000	  0.250000	  0.285700	  0.214300	
  0.400000	  0.200000	  0.166700	  0.233300	
  0.166700	  0.233300	  0.300000	  0.300000	
  0.300000	  0.166700	  0.200000	  0.333300	
  0.066700	  0.000000	  0.000000	  0.933300	
  0.000000	  0.000000	  0.000000	  1.000000	
  0.000000	  0.000000	  0.000000	  1.000000	
  0.000000	  1.000000	  0.000000	  0.000000	
  0.066700	  0.700000	  0.133300	  0.100000	
  0.133300	  0.466700	  0.366700	  0.033300	
  0.100000	  0.133300	  0.666700	  0.100000	
  0.000000	  0.000000	  1.000000	  0.000000	
  1.000000	  0.000000	  0.000000	  0.000000	
  1.000000	  0.000000	  0.000000	  0.000000	
  1.000000	  0.000000	  0.000000	  0.000000	
  0.137900	  0.275900	  0.172400	  0.413800	
  0.250000	  0.214300	  0.321400	  0.214300	
  0.192300	  0.307700	  0.307700	  0.192300	
  0.230800	  0.307700	  0.076900	  0.384600	
  0.346200	  0.115400	  0.269200	  0.269200	

MOTIF 4944_Su(H)_DrosophilaTF Su(H)

letter-probability matrix: alength= 4 w= 7 nsites= 1 E= 0
  0.500000	  0.000000	  0.500000	  0.000000	
  0.000000	  0.000000	  0.000000	  1.000000	
  0.000000	  0.000000	  1.000000	  0.000000	
  0.500000	  0.000000	  0.500000	  0.000000	
  0.000000	  0.000000	  1.000000	  0.000000	
  1.000000	  0.000000	  0.000000	  0.000000	
  0.500000	  0.000000	  0.500000	  0.000000	

MOTIF 4945_TFAM_DrosophilaTF TFAM

letter-probability matrix: alength= 4 w= 5 nsites= 1 E= 0
  0.000000	  0.000000	  0.000000	  1.000000	
  0.000000	  0.000000	  0.000000	  1.000000	
  1.000000	  0.000000	  0.000000	  0.000000	
  0.000000	  0.000000	  0.000000	  1.000000	
  0.000000	  0.818200	  0.181800	  0.000000	

MOTIF 4946_Ubx_DrosophilaTF Ubx

letter-probability matrix: alength= 4 w= 19 nsites= 1 E= 0
  0.148115	  0.148115	  0.444444	  0.259326	
  0.299970	  0.166683	  0.266673	  0.266673	
  0.264700	  0.205900	  0.411800	  0.117600	
  0.170717	  0.170717	  0.487849	  0.170717	
  0.266700	  0.200000	  0.400000	  0.133300	
  0.163600	  0.327300	  0.290900	  0.218200	
  0.145200	  0.209700	  0.129000	  0.516100	
  0.038000	  0.000000	  0.000000	  0.962000	
  0.860414	  0.034897	  0.034897	  0.069793	
  0.965900	  0.000000	  0.022700	  0.011400	
  0.000000	  0.034100	  0.034100	  0.931800	
  0.108089	  0.054095	  0.554045	  0.283772	
  0.220322	  0.050805	  0.694969	  0.033903	
  0.157900	  0.403500	  0.298200	  0.140400	
  0.111100	  0.314800	  0.203700	  0.370400	
  0.229200	  0.229200	  0.083300	  0.458300	
  0.219500	  0.341500	  0.170700	  0.268300	
  0.200000	  0.166700	  0.500000	  0.133300	
  0.166683	  0.124988	  0.291671	  0.416658	

MOTIF 4947_ap_DrosophilaTF ap

letter-probability matrix: alength= 4 w= 6 nsites= 1 E= 0
  0.000000	  0.000000	  0.000000	  1.000000	
  1.000000	  0.000000	  0.000000	  0.000000	
  1.000000	  0.000000	  0.000000	  0.000000	
  0.000000	  0.000000	  0.000000	  1.000000	
  0.250000	  0.250000	  0.250000	  0.250000	
  0.250000	  0.250000	  0.250000	  0.250000	

MOTIF 4948_bab1_DrosophilaTF bab1

letter-probability matrix: alength= 4 w= 12 nsites= 1 E= 0
  0.272700	  0.000000	  0.090900	  0.636400	
  0.500000	  0.200000	  0.100000	  0.200000	
  0.666700	  0.000000	  0.000000	  0.333300	
  0.600000	  0.000000	  0.000000	  0.400000	
  0.333300	  0.111100	  0.000000	  0.555600	
  0.700000	  0.000000	  0.000000	  0.300000	
  0.222200	  0.000000	  0.000000	  0.777800	
  0.600000	  0.000000	  0.000000	  0.400000	
  0.555600	  0.000000	  0.000000	  0.444400	
  0.200000	  0.100000	  0.100000	  0.600000	
  0.111111	  0.111111	  0.333333	  0.444444	
  0.000000	  0.000000	  0.666700	  0.333300	

MOTIF 4949_bcd_DrosophilaTF bcd

letter-probability matrix: alength= 4 w= 11 nsites= 1 E= 0
  0.208300	  0.458300	  0.291700	  0.041700	
  0.208300	  0.416700	  0.291700	  0.083300	
  0.250000	  0.333300	  0.291700	  0.125000	
  0.083300	  0.541700	  0.208300	  0.166700	
  0.041700	  0.083300	  0.000000	  0.875000	
  1.000000	  0.000000	  0.000000	  0.000000	
  1.000000	  0.000000	  0.000000	  0.000000	
  0.083300	  0.000000	  0.125000	  0.791700	
  0.041700	  0.833300	  0.041700	  0.083300	
  0.041700	  0.833300	  0.041700	  0.083300	
  0.208300	  0.291700	  0.250000	  0.250000	

MOTIF 4950_bin_DrosophilaTF bin

letter-probability matrix: alength= 4 w= 7 nsites= 1 E= 0
  0.500000	  0.000000	  0.500000	  0.000000	
  0.000000	  0.000000	  0.000000	  1.000000	
  1.000000	  0.000000	  0.000000	  0.000000	
  1.000000	  0.000000	  0.000000	  0.000000	
  1.000000	  0.000000	  0.000000	  0.000000	
  0.000000	  0.000000	  0.000000	  1.000000	
  1.000000	  0.000000	  0.000000	  0.000000	

MOTIF 4951_br-Z1_DrosophilaTF br-Z1

letter-probability matrix: alength= 4 w= 12 nsites= 1 E= 0
  0.000000	  0.000000	  0.000000	  1.000000	
  1.000000	  0.000000	  0.000000	  0.000000	
  1.000000	  0.000000	  0.000000	  0.000000	
  0.500000	  0.000000	  0.000000	  0.500000	
  0.500000	  0.000000	  0.000000	  0.500000	
  0.500000	  0.000000	  0.500000	  0.000000	
  1.000000	  0.000000	  0.000000	  0.000000	
  0.000000	  1.000000	  0.000000	  0.000000	
  1.000000	  0.000000	  0.000000	  0.000000	
  1.000000	  0.000000	  0.000000	  0.000000	
  0.500000	  0.000000	  0.500000	  0.000000	
  0.500000	  0.000000	  0.000000	  0.500000	

MOTIF 4952_br-Z2_DrosophilaTF br-Z2

letter-probability matrix: alength= 4 w= 10 nsites= 1 E= 0
  0.000000	  0.000000	  0.000000	  1.000000	
  0.000000	  0.000000	  0.000000	  1.000000	
  0.500000	  0.000000	  0.000000	  0.500000	
  0.500000	  0.000000	  0.000000	  0.500000	
  0.000000	  1.000000	  0.000000	  0.000000	
  0.000000	  0.000000	  0.000000	  1.000000	
  1.000000	  0.000000	  0.000000	  0.000000	
  0.000000	  0.000000	  0.000000	  1.000000	
  0.000000	  0.000000	  0.000000	  1.000000	
  0.000000	  0.000000	  0.000000	  1.000000	

MOTIF 4953_br-Z3_DrosophilaTF br-Z3

letter-probability matrix: alength= 4 w= 9 nsites= 1 E= 0
  0.500000	  0.000000	  0.000000	  0.500000	
  1.000000	  0.000000	  0.000000	  0.000000	
  1.000000	  0.000000	  0.000000	  0.000000	
  1.000000	  0.000000	  0.000000	  0.000000	
  0.000000	  1.000000	  0.000000	  0.000000	
  0.500000	  0.000000	  0.000000	  0.500000	
  0.500000	  0.000000	  0.000000	  0.500000	
  0.500000	  0.000000	  0.500000	  0.000000	
  0.500000	  0.000000	  0.000000	  0.500000	

MOTIF 4954_br-Z4_DrosophilaTF br-Z4

letter-probability matrix: alength= 4 w= 7 nsites= 1 E= 0
  0.500000	  0.000000	  0.500000	  0.000000	
  0.000000	  0.000000	  0.500000	  0.500000	
  1.000000	  0.000000	  0.000000	  0.000000	
  1.000000	  0.000000	  0.000000	  0.000000	
  1.000000	  0.000000	  0.000000	  0.000000	
  0.000000	  0.500000	  0.500000	  0.000000	
  1.000000	  0.000000	  0.000000	  0.000000	

MOTIF 4955_brk_DrosophilaTF brk

letter-probability matrix: alength= 4 w= 7 nsites= 1 E= 0
  0.000000	  0.000000	  0.083300	  0.916700	
  0.000000	  0.000000	  1.000000	  0.000000	
  0.000000	  0.000000	  1.000000	  0.000000	
  0.000000	  1.000000	  0.000000	  0.000000	
  0.000000	  0.000000	  1.000000	  0.000000	
  0.000000	  0.583300	  0.000000	  0.416700	
  0.000000	  0.250000	  0.000000	  0.750000	

MOTIF 4956_byn_DrosophilaTF byn

letter-probability matrix: alength= 4 w= 12 nsites= 1 E= 0
  0.500000	  0.000000	  0.500000	  0.000000	
  0.500000	  0.000000	  0.000000	  0.500000	
  0.500000	  0.000000	  0.000000	  0.500000	
  0.250000	  0.250000	  0.250000	  0.250000	
  0.000000	  0.000000	  0.000000	  1.000000	
  0.250000	  0.250000	  0.250000	  0.250000	
  0.500000	  0.000000	  0.500000	  0.000000	
  0.000000	  1.000000	  0.000000	  0.000000	
  1.000000	  0.000000	  0.000000	  0.000000	
  0.000000	  1.000000	  0.000000	  0.000000	
  0.000000	  0.500000	  0.000000	  0.500000	
  0.000000	  0.000000	  0.000000	  1.000000	

MOTIF 4957_cad_DrosophilaTF cad

letter-probability matrix: alength= 4 w= 6 nsites= 1 E= 0
  0.000000	  0.000000	  0.000000	  1.000000	
  0.000000	  0.000000	  0.000000	  1.000000	
  0.000000	  0.000000	  0.000000	  1.000000	
  1.000000	  0.000000	  0.000000	  0.000000	
  0.000000	  0.000000	  0.000000	  1.000000	
  0.000000	  0.000000	  1.000000	  0.000000	

MOTIF 4958_croc_DrosophilaTF croc

letter-probability matrix: alength= 4 w= 6 nsites= 1 E= 0
  0.666700	  0.000000	  0.333300	  0.000000	
  0.000000	  0.000000	  0.000000	  1.000000	
  1.000000	  0.000000	  0.000000	  0.000000	
  1.000000	  0.000000	  0.000000	  0.000000	
  0.800000	  0.200000	  0.000000	  0.000000	
  1.000000	  0.000000	  0.000000	  0.000000	

MOTIF 4959_dif/Rel_DrosophilaTF dif/Rel

letter-probability matrix: alength= 4 w= 11 nsites= 1 E= 0
  0.090000	  0.000000	  0.880000	  0.030000	
  0.000000	  0.000000	  1.000000	  0.000000	
  0.000000	  0.000000	  1.000000	  0.000000	
  0.000000	  0.000000	  1.000000	  0.000000	
  1.000000	  0.000000	  0.000000	  0.000000	
  0.560000	  0.000000	  0.000000	  0.440000	
  0.000000	  0.030000	  0.000000	  0.970000	
  0.000000	  1.000000	  0.000000	  0.000000	
  0.160000	  0.840000	  0.000000	  0.000000	
  0.030000	  0.940000	  0.000000	  0.030000	
  0.160000	  0.500000	  0.090000	  0.250000	

MOTIF 4960_dl-A_DrosophilaTF dl-A

letter-probability matrix: alength= 4 w= 11 nsites= 1 E= 0
  0.000000	  0.090900	  0.818200	  0.090900	
  0.000000	  0.000000	  1.000000	  0.000000	
  0.000000	  0.000000	  1.000000	  0.000000	
  0.181800	  0.090900	  0.000000	  0.727300	
  0.181800	  0.045500	  0.000000	  0.772700	
  0.076900	  0.000000	  0.000000	  0.923100	
  0.000000	  0.000000	  0.000000	  1.000000	
  0.000000	  0.000000	  0.000000	  1.000000	
  0.045500	  0.954500	  0.000000	  0.000000	
  0.000000	  1.000000	  0.000000	  0.000000	
  0.227300	  0.363600	  0.318200	  0.090900	

MOTIF 4961_dl-B_DrosophilaTF dl-B

letter-probability matrix: alength= 4 w= 11 nsites= 1 E= 0
  0.130000	  0.040000	  0.600000	  0.230000	
  0.000000	  0.030000	  0.970000	  0.000000	
  0.000000	  0.000000	  1.000000	  0.000000	
  0.000000	  0.000000	  1.000000	  0.000000	
  0.830000	  0.000000	  0.000000	  0.170000	
  0.700000	  0.030000	  0.000000	  0.270000	
  0.270000	  0.000000	  0.000000	  0.730000	
  0.200000	  0.270000	  0.000000	  0.530000	
  0.030000	  0.940000	  0.000000	  0.030000	
  0.000000	  0.560000	  0.070000	  0.370000	
  0.170000	  0.470000	  0.300000	  0.060000	

MOTIF 4962_dsx_DrosophilaTF dsx

letter-probability matrix: alength= 4 w= 17 nsites= 1 E= 0
  0.086991	  0.260874	  0.391261	  0.260874	
  0.130400	  0.260900	  0.130400	  0.478300	
  0.480000	  0.080000	  0.440000	  0.000000	
  0.423100	  0.269200	  0.115400	  0.192300	
  0.148115	  0.333333	  0.222222	  0.296330	
  1.000000	  0.000000	  0.000000	  0.000000	
  0.030300	  0.878800	  0.030300	  0.060600	
  0.878800	  0.000000	  0.000000	  0.121200	
  1.000000	  0.000000	  0.000000	  0.000000	
  0.181800	  0.000000	  0.030300	  0.787900	
  0.030300	  0.060600	  0.848500	  0.060600	
  0.000000	  0.031200	  0.000000	  0.968800	
  0.451600	  0.096800	  0.193500	  0.258100	
  0.266673	  0.099990	  0.266673	  0.366663	
  0.000000	  0.518500	  0.222200	  0.259300	
  0.269200	  0.192300	  0.230800	  0.307700	
  0.192300	  0.269200	  0.230800	  0.307700	

MOTIF 4963_ems_DrosophilaTF ems

letter-probability matrix: alength= 4 w= 13 nsites= 1 E= 0
  1.000000	  0.000000	  0.000000	  0.000000	
  1.000000	  0.000000	  0.000000	  0.000000	
  0.250000	  0.250000	  0.250000	  0.250000	
  0.000000	  0.000000	  0.000000	  1.000000	
  0.250000	  0.250000	  0.250000	  0.250000	
  0.000000	  0.000000	  0.000000	  1.000000	
  1.000000	  0.000000	  0.000000	  0.000000	
  1.000000	  0.000000	  0.000000	  0.000000	
  0.000000	  0.000000	  0.000000	  1.000000	
  0.000000	  0.000000	  1.000000	  0.000000	
  1.000000	  0.000000	  0.000000	  0.000000	
  0.000000	  1.000000	  0.000000	  0.000000	
  1.000000	  0.000000	  0.000000	  0.000000	

MOTIF 4964_en_DrosophilaTF en

letter-probability matrix: alength= 4 w= 6 nsites= 1 E= 0
  0.038804	  0.029103	  0.000000	  0.932093	
  1.000000	  0.000000	  0.000000	  0.000000	
  1.000000	  0.000000	  0.000000	  0.000000	
  0.018900	  0.000000	  0.000000	  0.981100	
  0.028803	  0.019202	  0.067307	  0.884688	
  0.647765	  0.000000	  0.238624	  0.113611	

MOTIF 4965_esg_DrosophilaTF esg

letter-probability matrix: alength= 4 w= 12 nsites= 1 E= 0
  0.262626	  0.262626	  0.212121	  0.262626	
  0.350000	  0.150000	  0.350000	  0.150000	
  0.470000	  0.080000	  0.340000	  0.110000	
  0.020200	  0.959600	  0.000000	  0.020200	
  1.000000	  0.000000	  0.000000	  0.000000	
  0.070000	  0.000000	  0.910000	  0.020000	
  0.000000	  0.000000	  1.000000	  0.000000	
  0.000000	  0.000000	  0.000000	  1.000000	
  0.030000	  0.050000	  0.920000	  0.000000	
  0.090000	  0.440000	  0.220000	  0.250000	
  0.333333	  0.202020	  0.232323	  0.232323	
  0.200000	  0.280000	  0.320000	  0.200000	

MOTIF 4966_eve_DrosophilaTF eve

letter-probability matrix: alength= 4 w= 10 nsites= 1 E= 0
  0.000000	  0.000000	  0.000000	  1.000000	
  0.000000	  1.000000	  0.000000	  0.000000	
  1.000000	  0.000000	  0.000000	  0.000000	
  0.500000	  0.000000	  0.000000	  0.500000	
  0.000000	  0.000000	  0.000000	  1.000000	
  0.000000	  0.000000	  0.000000	  1.000000	
  1.000000	  0.000000	  0.000000	  0.000000	
  1.000000	  0.000000	  0.000000	  0.000000	
  0.500000	  0.500000	  0.000000	  0.000000	
  0.000000	  0.000000	  0.000000	  1.000000	

MOTIF 4967_eyg_DrosophilaTF eyg

letter-probability matrix: alength= 4 w= 19 nsites= 1 E= 0
  0.150000	  0.150000	  0.420000	  0.280000	
  0.420000	  0.290000	  0.260000	  0.030000	
  0.330000	  0.070000	  0.450000	  0.150000	
  0.080000	  0.110000	  0.210000	  0.600000	
  0.450000	  0.050000	  0.430000	  0.070000	
  0.230000	  0.300000	  0.180000	  0.290000	
  0.000000	  0.120000	  0.050000	  0.830000	
  0.000000	  0.870000	  0.030000	  0.100000	
  1.000000	  0.000000	  0.000000	  0.000000	
  0.020000	  0.980000	  0.000000	  0.000000	
  0.000000	  0.000000	  0.000000	  1.000000	
  0.010000	  0.260000	  0.730000	  0.000000	
  0.730000	  0.030000	  0.240000	  0.000000	
  0.200000	  0.180000	  0.420000	  0.200000	
  0.140000	  0.150000	  0.160000	  0.550000	
  0.380000	  0.270000	  0.300000	  0.050000	
  0.210000	  0.370000	  0.150000	  0.270000	
  0.230000	  0.040000	  0.430000	  0.300000	
  0.160000	  0.370000	  0.180000	  0.290000	

MOTIF 4968_ftz_DrosophilaTF ftz

letter-probability matrix: alength= 4 w= 13 nsites= 1 E= 0
  0.285671	  0.190481	  0.380962	  0.142886	
  0.238100	  0.333300	  0.238100	  0.190500	
  0.285700	  0.142900	  0.523800	  0.047600	
  0.095200	  0.333300	  0.142900	  0.428600	
  0.000000	  0.000000	  0.000000	  1.000000	
  1.000000	  0.000000	  0.000000	  0.000000	
  1.000000	  0.000000	  0.000000	  0.000000	
  0.000000	  0.047600	  0.000000	  0.952400	
  0.000000	  0.095200	  0.761900	  0.142900	
  0.476200	  0.047600	  0.333300	  0.142900	
  0.142886	  0.428557	  0.238076	  0.190481	
  0.333300	  0.428600	  0.095200	  0.142900	
  0.190481	  0.190481	  0.238076	  0.380962	

MOTIF 4969_gcm_DrosophilaTF gcm

letter-probability matrix: alength= 4 w= 8 nsites= 1 E= 0
  0.866700	  0.022200	  0.088900	  0.022200	
  0.000000	  0.000000	  0.000000	  1.000000	
  0.062500	  0.000000	  0.916700	  0.020800	
  0.000000	  0.979200	  0.020800	  0.000000	
  0.020800	  0.000000	  0.875000	  0.104200	
  0.000000	  0.000000	  1.000000	  0.000000	
  0.020800	  0.000000	  0.979200	  0.000000	
  0.000000	  0.322600	  0.000000	  0.677400	

MOTIF 4970_grh_DrosophilaTF grh

letter-probability matrix: alength= 4 w= 16 nsites= 1 E= 0
  0.000000	  0.500000	  0.000000	  0.500000	
  0.250000	  0.250000	  0.250000	  0.250000	
  1.000000	  0.000000	  0.000000	  0.000000	
  1.000000	  0.000000	  0.000000	  0.000000	
  0.000000	  1.000000	  0.000000	  0.000000	
  0.000000	  0.500000	  0.000000	  0.500000	
  0.000000	  0.000000	  1.000000	  0.000000	
  0.000000	  0.000000	  1.000000	  0.000000	
  0.000000	  0.000000	  0.000000	  1.000000	
  0.000000	  0.500000	  0.000000	  0.500000	
  0.000000	  0.500000	  0.000000	  0.500000	
  0.000000	  0.000000	  0.000000	  1.000000	
  0.000000	  0.000000	  1.000000	  0.000000	
  0.000000	  1.000000	  0.000000	  0.000000	
  0.000000	  0.000000	  1.000000	  0.000000	
  0.000000	  0.000000	  1.000000	  0.000000	

MOTIF 4971_h_DrosophilaTF h

letter-probability matrix: alength= 4 w= 14 nsites= 1 E= 0
  0.200000	  0.300000	  0.350000	  0.150000	
  0.262626	  0.303030	  0.262626	  0.171717	
  0.120000	  0.160000	  0.560000	  0.160000	
  0.190000	  0.150000	  0.580000	  0.080000	
  0.000000	  0.960000	  0.000000	  0.040000	
  0.802000	  0.118800	  0.000000	  0.079200	
  0.000000	  1.000000	  0.000000	  0.000000	
  0.030300	  0.000000	  0.939400	  0.030300	
  0.000000	  0.830000	  0.070000	  0.100000	
  0.000000	  0.120000	  0.710000	  0.170000	
  0.360000	  0.410000	  0.180000	  0.050000	
  0.049500	  0.613900	  0.237600	  0.099000	
  0.470000	  0.210000	  0.110000	  0.210000	
  0.151515	  0.151515	  0.313131	  0.383838	

MOTIF 4972_hb_DrosophilaTF hb

letter-probability matrix: alength= 4 w= 10 nsites= 1 E= 0
  0.000000	  0.500000	  0.500000	  0.000000	
  0.500000	  0.500000	  0.000000	  0.000000	
  1.000000	  0.000000	  0.000000	  0.000000	
  0.000000	  0.000000	  0.000000	  1.000000	
  1.000000	  0.000000	  0.000000	  0.000000	
  1.000000	  0.000000	  0.000000	  0.000000	
  1.000000	  0.000000	  0.000000	  0.000000	
  1.000000	  0.000000	  0.000000	  0.000000	
  1.000000	  0.000000	  0.000000	  0.000000	
  1.000000	  0.000000	  0.000000	  0.000000	

MOTIF 4973_mirr_DrosophilaTF mirr

letter-probability matrix: alength= 4 w= 15 nsites= 1 E= 0
  0.363600	  0.142900	  0.363600	  0.129900	
  0.493500	  0.116900	  0.077900	  0.311700	
  0.506500	  0.000000	  0.000000	  0.493500	
  0.558456	  0.051905	  0.116912	  0.272727	
  0.636336	  0.077892	  0.142886	  0.142886	
  0.013000	  0.805200	  0.181800	  0.000000	
  0.584400	  0.051900	  0.039000	  0.324700	
  0.038996	  0.389561	  0.246775	  0.324668	
  0.246800	  0.000000	  0.558400	  0.194800	
  0.103900	  0.220800	  0.090900	  0.584400	
  0.129900	  0.298700	  0.571400	  0.000000	
  0.142900	  0.077900	  0.168800	  0.610400	
  0.311700	  0.168800	  0.181800	  0.337700	
  0.428557	  0.337666	  0.129887	  0.103890	
  0.506449	  0.142886	  0.116888	  0.233777	

MOTIF 4974_oc_DrosophilaTF oc

letter-probability matrix: alength= 4 w= 13 nsites= 1 E= 0
  0.296300	  0.296300	  0.222200	  0.185200	
  0.222200	  0.555600	  0.148100	  0.074100	
  0.222222	  0.333333	  0.333333	  0.111111	
  0.181800	  0.500000	  0.045500	  0.272700	
  0.000000	  0.000000	  0.000000	  1.000000	
  1.000000	  0.000000	  0.000000	  0.000000	
  1.000000	  0.000000	  0.000000	  0.000000	
  0.000000	  0.000000	  0.185200	  0.814800	
  0.000000	  1.000000	  0.000000	  0.000000	
  0.074100	  0.888900	  0.037000	  0.000000	
  0.037000	  0.370400	  0.481500	  0.111100	
  0.222200	  0.296300	  0.185200	  0.296300	
  0.222200	  0.185200	  0.185200	  0.407400	

MOTIF 4975_ovo_DrosophilaTF ovo

letter-probability matrix: alength= 4 w= 9 nsites= 1 E= 0
  0.523800	  0.190500	  0.000000	  0.285700	
  0.047600	  0.190500	  0.666700	  0.095200	
  0.190519	  0.095210	  0.095210	  0.619062	
  1.000000	  0.000000	  0.000000	  0.000000	
  1.000000	  0.000000	  0.000000	  0.000000	
  0.000000	  1.000000	  0.000000	  0.000000	
  0.380962	  0.238076	  0.142886	  0.238076	
  0.000000	  0.000000	  1.000000	  0.000000	
  0.250000	  0.200000	  0.100000	  0.450000	

MOTIF 4976_pan_DrosophilaTF pan

letter-probability matrix: alength= 4 w= 11 nsites= 1 E= 0
  0.000000	  1.000000	  0.000000	  0.000000	
  0.000000	  1.000000	  0.000000	  0.000000	
  0.000000	  0.000000	  0.000000	  1.000000	
  0.000000	  0.000000	  0.000000	  1.000000	
  0.000000	  0.000000	  0.000000	  1.000000	
  0.000000	  0.000000	  1.000000	  0.000000	
  1.000000	  0.000000	  0.000000	  0.000000	
  0.000000	  0.000000	  0.000000	  1.000000	
  0.000000	  1.000000	  0.000000	  0.000000	
  0.000000	  0.000000	  0.000000	  1.000000	
  0.000000	  0.000000	  0.000000	  1.000000	

MOTIF 4977_pho_DrosophilaTF pho

letter-probability matrix: alength= 4 w= 6 nsites= 1 E= 0
  0.000000	  0.000000	  1.000000	  0.000000	
  0.000000	  1.000000	  0.000000	  0.000000	
  0.000000	  1.000000	  0.000000	  0.000000	
  1.000000	  0.000000	  0.000000	  0.000000	
  0.000000	  0.000000	  0.000000	  1.000000	
  0.000000	  0.000000	  0.000000	  1.000000	

MOTIF 4978_pnr_DrosophilaTF pnr

letter-probability matrix: alength= 4 w= 18 nsites= 1 E= 0
  1.000000	  0.000000	  0.000000	  0.000000	
  0.200000	  0.200000	  0.200000	  0.400000	
  0.333333	  0.252525	  0.080808	  0.333333	
  0.202020	  0.131313	  0.333333	  0.333333	
  0.200000	  0.130000	  0.270000	  0.400000	
  0.111111	  0.333333	  0.333333	  0.222222	
  0.260000	  0.320000	  0.000000	  0.420000	
  0.000000	  0.000000	  1.000000	  0.000000	
  1.000000	  0.000000	  0.000000	  0.000000	
  0.000000	  0.000000	  0.000000	  1.000000	
  1.000000	  0.000000	  0.000000	  0.000000	
  0.703000	  0.099000	  0.099000	  0.099000	
  0.000000	  0.210000	  0.630000	  0.160000	
  0.130000	  0.310000	  0.500000	  0.060000	
  0.330000	  0.070000	  0.400000	  0.200000	
  0.230000	  0.230000	  0.310000	  0.230000	
  0.250000	  0.250000	  0.330000	  0.170000	
  0.080000	  0.250000	  0.250000	  0.420000	

MOTIF 4979_prd-HD_DrosophilaTF prd-HD

letter-probability matrix: alength= 4 w= 14 nsites= 1 E= 0
  0.000000	  0.241376	  0.689631	  0.068993	
  0.448300	  0.241400	  0.172400	  0.137900	
  0.000000	  0.000000	  0.000000	  1.000000	
  0.931000	  0.000000	  0.069000	  0.000000	
  1.000000	  0.000000	  0.000000	  0.000000	
  0.000000	  0.000000	  0.000000	  1.000000	
  0.000000	  0.517200	  0.000000	  0.482800	
  0.000000	  0.000000	  1.000000	  0.000000	
  1.000000	  0.000000	  0.000000	  0.000000	
  0.000000	  0.000000	  0.000000	  1.000000	
  0.000000	  0.034500	  0.000000	  0.965500	
  0.931000	  0.000000	  0.000000	  0.069000	
  0.172400	  0.172400	  0.275900	  0.379300	
  0.103410	  0.448345	  0.310331	  0.137914	

MOTIF 4980_prd-PD_DrosophilaTF prd-PD

letter-probability matrix: alength= 4 w= 17 nsites= 1 E= 0
  0.181800	  0.090900	  0.318200	  0.409100	
  0.136386	  0.318168	  0.318168	  0.227277	
  0.090900	  0.272700	  0.000000	  0.636400	
  0.000000	  0.904800	  0.095200	  0.000000	
  0.000000	  0.000000	  1.000000	  0.000000	
  0.000000	  0.000000	  0.000000	  1.000000	
  0.000000	  1.000000	  0.000000	  0.000000	
  1.000000	  0.000000	  0.000000	  0.000000	
  0.000000	  1.000000	  0.000000	  0.000000	
  0.000000	  0.000000	  1.000000	  0.000000	
  0.000000	  0.333300	  0.666700	  0.000000	
  0.000000	  0.000000	  0.000000	  1.000000	
  0.000000	  0.181800	  0.000000	  0.818200	
  0.000000	  0.333300	  0.666700	  0.000000	
  0.761900	  0.000000	  0.238100	  0.000000	
  0.090900	  0.545500	  0.181800	  0.181800	
  0.409100	  0.272700	  0.227300	  0.090900	

MOTIF 4981_pros_DrosophilaTF pros

letter-probability matrix: alength= 4 w= 7 nsites= 1 E= 0
  0.000000	  1.000000	  0.000000	  0.000000	
  0.800000	  0.000000	  0.000000	  0.200000	
  0.066700	  0.333300	  0.000000	  0.600000	
  0.133300	  0.266700	  0.400000	  0.200000	
  0.266700	  0.133300	  0.266700	  0.333300	
  0.066700	  0.933300	  0.000000	  0.000000	
  0.000000	  0.200000	  0.000000	  0.800000	

MOTIF 4982_retn_DrosophilaTF retn

letter-probability matrix: alength= 4 w= 10 nsites= 1 E= 0
  0.214279	  0.166683	  0.166683	  0.452355	
  0.214300	  0.357100	  0.166700	  0.261900	
  0.500000	  0.000000	  0.500000	  0.000000	
  1.000000	  0.000000	  0.000000	  0.000000	
  0.023800	  0.000000	  0.000000	  0.976200	
  0.023800	  0.000000	  0.000000	  0.976200	
  0.881000	  0.000000	  0.119000	  0.000000	
  0.666700	  0.119000	  0.142900	  0.071400	
  0.214300	  0.119000	  0.142900	  0.523800	
  0.285700	  0.261900	  0.238100	  0.214300	

MOTIF 4983_sd_DrosophilaTF sd

letter-probability matrix: alength= 4 w= 9 nsites= 1 E= 0
  0.500000	  0.000000	  0.000000	  0.500000	
  0.500000	  0.000000	  0.500000	  0.000000	
  0.250000	  0.250000	  0.250000	  0.250000	
  1.000000	  0.000000	  0.000000	  0.000000	
  0.000000	  0.000000	  0.000000	  1.000000	
  0.000000	  0.000000	  0.500000	  0.500000	
  0.000000	  0.000000	  0.000000	  1.000000	
  0.250000	  0.250000	  0.250000	  0.250000	
  0.000000	  0.000000	  0.000000	  1.000000	

MOTIF 4984_shn-ZFP1_DrosophilaTF shn-ZFP1

letter-probability matrix: alength= 4 w= 12 nsites= 1 E= 0
  0.000000	  0.000000	  1.000000	  0.000000	
  0.000000	  0.000000	  1.000000	  0.000000	
  0.000000	  0.000000	  0.800000	  0.200000	
  1.000000	  0.000000	  0.000000	  0.000000	
  0.470000	  0.130000	  0.000000	  0.400000	
  0.000000	  0.930000	  0.000000	  0.070000	
  0.000000	  0.000000	  1.000000	  0.000000	
  0.000000	  0.000000	  0.070000	  0.930000	
  0.000000	  0.070000	  0.000000	  0.930000	
  0.000000	  1.000000	  0.000000	  0.000000	
  0.000000	  1.000000	  0.000000	  0.000000	
  0.070000	  0.800000	  0.000000	  0.130000	

MOTIF 4986_slbo_DrosophilaTF slbo

letter-probability matrix: alength= 4 w= 10 nsites= 1 E= 0
  0.000000	  0.000000	  0.000000	  1.000000	
  0.000000	  0.000000	  0.000000	  1.000000	
  0.250000	  0.250000	  0.250000	  0.250000	
  0.250000	  0.250000	  0.250000	  0.250000	
  0.500000	  0.000000	  0.500000	  0.000000	
  0.000000	  1.000000	  0.000000	  0.000000	
  1.000000	  0.000000	  0.000000	  0.000000	
  1.000000	  0.000000	  0.000000	  0.000000	
  0.000000	  0.000000	  0.000000	  1.000000	
  0.500000	  0.500000	  0.000000	  0.000000	

MOTIF 4987_sna_DrosophilaTF sna

letter-probability matrix: alength= 4 w= 13 nsites= 1 E= 0
  0.318200	  0.272700	  0.318200	  0.090900	
  0.360000	  0.200000	  0.160000	  0.280000	
  0.448255	  0.068993	  0.448255	  0.034497	
  0.710571	  0.000000	  0.210521	  0.078908	
  0.000000	  0.975000	  0.025000	  0.000000	
  0.975000	  0.000000	  0.000000	  0.025000	
  0.075000	  0.000000	  0.925000	  0.000000	
  0.050000	  0.000000	  0.950000	  0.000000	
  0.000000	  0.000000	  0.000000	  1.000000	
  0.000000	  0.000000	  0.925000	  0.075000	
  0.081100	  0.513500	  0.081100	  0.324300	
  0.562500	  0.250000	  0.062500	  0.125000	
  0.233300	  0.366700	  0.233300	  0.166700	

MOTIF 4988_srp_DrosophilaTF srp

letter-probability matrix: alength= 4 w= 10 nsites= 1 E= 0
  0.090000	  0.130000	  0.500000	  0.280000	
  0.190000	  0.440000	  0.000000	  0.370000	
  0.000000	  0.000000	  1.000000	  0.000000	
  1.000000	  0.000000	  0.000000	  0.000000	
  0.000000	  0.000000	  0.000000	  1.000000	
  1.000000	  0.000000	  0.000000	  0.000000	
  0.970000	  0.000000	  0.030000	  0.000000	
  0.000000	  0.350000	  0.560000	  0.090000	
  0.470000	  0.090000	  0.410000	  0.030000	
  0.190000	  0.340000	  0.190000	  0.280000	

MOTIF 4989_tin_DrosophilaTF tin

letter-probability matrix: alength= 4 w= 7 nsites= 1 E= 0
  0.000000	  1.000000	  0.000000	  0.000000	
  1.000000	  0.000000	  0.000000	  0.000000	
  0.000000	  1.000000	  0.000000	  0.000000	
  0.000000	  0.000000	  0.000000	  1.000000	
  0.000000	  0.000000	  0.000000	  1.000000	
  0.500000	  0.000000	  0.500000	  0.000000	
  1.000000	  0.000000	  0.000000	  0.000000	

MOTIF 4990_tll_DrosophilaTF tll

letter-probability matrix: alength= 4 w= 7 nsites= 1 E= 0
  1.000000	  0.000000	  0.000000	  0.000000	
  1.000000	  0.000000	  0.000000	  0.000000	
  1.000000	  0.000000	  0.000000	  0.000000	
  0.000000	  0.000000	  0.000000	  1.000000	
  0.000000	  0.000000	  0.000000	  1.000000	
  1.000000	  0.000000	  0.000000	  0.000000	
  1.000000	  0.000000	  0.000000	  0.000000	

MOTIF 4991_usp_DrosophilaTF usp

letter-probability matrix: alength= 4 w= 9 nsites= 1 E= 0
  0.030000	  0.030000	  0.940000	  0.000000	
  0.050000	  0.000000	  0.950000	  0.000000	
  0.000000	  0.000000	  1.000000	  0.000000	
  0.000000	  0.000000	  1.000000	  0.000000	
  0.000000	  0.000000	  0.000000	  1.000000	
  0.000000	  0.940000	  0.030000	  0.030000	
  0.950000	  0.000000	  0.050000	  0.000000	
  0.110000	  0.680000	  0.050000	  0.160000	
  0.130000	  0.240000	  0.550000	  0.080000	

MOTIF 4992_vnd_DrosophilaTF vnd

letter-probability matrix: alength= 4 w= 14 nsites= 1 E= 0
  0.257426	  0.227723	  0.257426	  0.257426	
  0.280000	  0.160000	  0.160000	  0.400000	
  0.170000	  0.160000	  0.400000	  0.270000	
  0.170000	  0.020000	  0.100000	  0.710000	
  0.077700	  0.359200	  0.184500	  0.378600	
  0.861314	  0.014899	  0.108889	  0.014899	
  1.000000	  0.000000	  0.000000	  0.000000	
  0.000000	  0.025000	  0.960000	  0.015000	
  0.025000	  0.040000	  0.025000	  0.910000	
  0.180000	  0.020000	  0.700000	  0.100000	
  0.000000	  0.262600	  0.596000	  0.141400	
  0.110000	  0.330000	  0.230000	  0.330000	
  0.198020	  0.198020	  0.257426	  0.346535	
  0.158416	  0.198020	  0.376238	  0.267327	

