MEME version 4

ALPHABET= ACGT

strands: + -

Background letter frequencies (from uniform background):
A 0.25000 C 0.25000 G 0.25000 T 0.25000 

MOTIF M01091_2.00  bnl 

letter-probability matrix: alength= 4 w= 10 nsites= 1 E= 0
  0.205055	  0.305907	  0.233523	  0.255515	
  0.431900	  0.083780	  0.390799	  0.093522	
  0.343326	  0.492099	  0.142406	  0.022169	
  0.860208	  0.007079	  0.126112	  0.006601	
  0.044558	  0.042385	  0.009087	  0.903970	
  0.335465	  0.016208	  0.137761	  0.510566	
  0.113777	  0.592434	  0.125743	  0.168046	
  0.063648	  0.580194	  0.047151	  0.309007	
  0.297075	  0.150503	  0.243224	  0.309198	
  0.262633	  0.242441	  0.221574	  0.273351	

MOTIF M03584_2.00  AP-2 

letter-probability matrix: alength= 4 w= 11 nsites= 1 E= 0
  0.264023	  0.276067	  0.111458	  0.348452	
  0.000000	  0.135372	  0.864628	  0.000000	
  0.000000	  0.980596	  0.019404	  0.000000	
  0.000000	  0.940726	  0.011685	  0.047590	
  0.000000	  0.210313	  0.131903	  0.657785	
  0.104797	  0.391657	  0.392211	  0.111335	
  0.657132	  0.135060	  0.207808	  0.000000	
  0.063490	  0.009856	  0.926654	  0.000000	
  0.000000	  0.017611	  0.982389	  0.000000	
  0.000000	  0.861385	  0.138615	  0.000000	
  0.349945	  0.105099	  0.276878	  0.268078	

MOTIF M03585_2.00  AP-2 

letter-probability matrix: alength= 4 w= 12 nsites= 1 E= 0
  0.154998	  0.264826	  0.110666	  0.469510	
  0.107544	  0.182883	  0.697778	  0.011794	
  0.000032	  0.868102	  0.131075	  0.000791	
  0.007864	  0.968051	  0.009274	  0.014811	
  0.002950	  0.560886	  0.085419	  0.350745	
  0.053002	  0.350175	  0.273022	  0.323802	
  0.337158	  0.253779	  0.361090	  0.047973	
  0.351718	  0.081964	  0.563622	  0.002696	
  0.013759	  0.008467	  0.968495	  0.009279	
  0.004657	  0.125150	  0.869780	  0.000412	
  0.013537	  0.698524	  0.183282	  0.104656	
  0.483681	  0.100576	  0.266611	  0.149133	

MOTIF M03586_2.00  AP-2 

letter-probability matrix: alength= 4 w= 13 nsites= 1 E= 0
  0.288572	  0.139710	  0.134651	  0.437067	
  0.000000	  0.250959	  0.749041	  0.000000	
  0.000000	  1.000000	  0.000000	  0.000000	
  0.000000	  1.000000	  0.000000	  0.000000	
  0.034035	  0.504805	  0.086018	  0.375143	
  0.097518	  0.322846	  0.144296	  0.435340	
  0.272143	  0.224697	  0.225840	  0.277320	
  0.434405	  0.146626	  0.320275	  0.098694	
  0.378142	  0.086595	  0.501940	  0.033322	
  0.000000	  0.000000	  1.000000	  0.000000	
  0.000000	  0.000000	  1.000000	  0.000000	
  0.000000	  0.753184	  0.246816	  0.000000	
  0.448426	  0.134318	  0.140719	  0.276537	

MOTIF M03587_2.00  AP-2 

letter-probability matrix: alength= 4 w= 11 nsites= 1 E= 0
  0.295106	  0.220860	  0.110826	  0.373208	
  0.040048	  0.177673	  0.757862	  0.024417	
  0.000000	  0.978145	  0.021855	  0.000000	
  0.000496	  0.836573	  0.017368	  0.145563	
  0.018090	  0.181000	  0.149565	  0.651344	
  0.145413	  0.349150	  0.359727	  0.145710	
  0.653683	  0.150766	  0.177064	  0.018487	
  0.143116	  0.021257	  0.833402	  0.002225	
  0.000000	  0.022327	  0.977673	  0.000000	
  0.020007	  0.762319	  0.174694	  0.042979	
  0.368723	  0.115757	  0.218070	  0.297450	

MOTIF M03588_2.00  AP-2 

letter-probability matrix: alength= 4 w= 12 nsites= 1 E= 0
  0.147927	  0.231911	  0.104329	  0.515833	
  0.152253	  0.204180	  0.607246	  0.036321	
  0.011504	  0.826422	  0.144627	  0.017446	
  0.012546	  0.921483	  0.009867	  0.056104	
  0.014994	  0.514382	  0.109088	  0.361536	
  0.081548	  0.317931	  0.259945	  0.340575	
  0.353067	  0.244761	  0.324920	  0.077253	
  0.365055	  0.100061	  0.518819	  0.016065	
  0.054448	  0.011738	  0.924480	  0.009334	
  0.018566	  0.138606	  0.831256	  0.011572	
  0.033031	  0.604830	  0.206606	  0.155533	
  0.529376	  0.097613	  0.227509	  0.145502	

MOTIF M03589_2.00  AP-2 

letter-probability matrix: alength= 4 w= 13 nsites= 1 E= 0
  0.170368	  0.167494	  0.098249	  0.563888	
  0.000000	  0.000000	  1.000000	  0.000000	
  0.000000	  1.000000	  0.000000	  0.000000	
  0.000000	  1.000000	  0.000000	  0.000000	
  0.036464	  0.621937	  0.033839	  0.307760	
  0.070205	  0.306523	  0.160862	  0.462410	
  0.208575	  0.279115	  0.304288	  0.208022	
  0.457103	  0.159448	  0.315034	  0.068414	
  0.319537	  0.033864	  0.608683	  0.037916	
  0.000000	  0.000000	  1.000000	  0.000000	
  0.000000	  0.000000	  1.000000	  0.000000	
  0.000000	  1.000000	  0.000000	  0.000000	
  0.571577	  0.097345	  0.163457	  0.167621	

MOTIF M01664_2.00  retn 

letter-probability matrix: alength= 4 w= 8 nsites= 1 E= 0
  0.227052	  0.269126	  0.203401	  0.300420	
  0.364833	  0.112105	  0.244555	  0.278506	
  0.954295	  0.000150	  0.000361	  0.045194	
  0.003226	  0.022006	  0.000879	  0.973889	
  0.180785	  0.422972	  0.060178	  0.336065	
  0.601595	  0.071492	  0.188592	  0.138322	
  0.500975	  0.146431	  0.170129	  0.182465	
  0.400462	  0.148803	  0.221987	  0.228748	

MOTIF M03590_2.00  retn 

letter-probability matrix: alength= 4 w= 10 nsites= 1 E= 0
  0.207391	  0.250842	  0.188632	  0.353135	
  0.364056	  0.135185	  0.337457	  0.163302	
  0.835443	  0.015672	  0.024044	  0.124841	
  0.041215	  0.008649	  0.011958	  0.938177	
  0.046156	  0.216224	  0.014322	  0.723298	
  0.713983	  0.016484	  0.215672	  0.053861	
  0.945358	  0.006214	  0.008185	  0.040243	
  0.120436	  0.019660	  0.025746	  0.834158	
  0.174282	  0.339505	  0.123692	  0.362521	
  0.340681	  0.174910	  0.270140	  0.214269	

MOTIF M05899_2.00  retn 

letter-probability matrix: alength= 4 w= 8 nsites= 1 E= 0
  0.809524	  0.000000	  0.047619	  0.142857	
  1.000000	  0.000000	  0.000000	  0.000000	
  0.000000	  0.000000	  0.000000	  1.000000	
  0.047619	  0.619048	  0.000000	  0.333333	
  0.952381	  0.000000	  0.047619	  0.000000	
  0.857143	  0.095238	  0.047619	  0.000000	
  0.904762	  0.095238	  0.000000	  0.000000	
  0.450000	  0.400000	  0.050000	  0.100000	

MOTIF M09768_2.00  retn 

letter-probability matrix: alength= 4 w= 10 nsites= 1 E= 0
  0.214286	  0.166667	  0.166667	  0.452381	
  0.214286	  0.357143	  0.166667	  0.261905	
  0.500000	  0.000000	  0.500000	  0.000000	
  1.000000	  0.000000	  0.000000	  0.000000	
  0.023810	  0.000000	  0.000000	  0.976190	
  0.023810	  0.000000	  0.000000	  0.976190	
  0.880952	  0.000000	  0.119048	  0.000000	
  0.666667	  0.119048	  0.142857	  0.071429	
  0.214286	  0.119048	  0.142857	  0.523810	
  0.285714	  0.261905	  0.238095	  0.214286	

MOTIF M01690_2.00  D1 

letter-probability matrix: alength= 4 w= 12 nsites= 1 E= 0
  0.321078	  0.226307	  0.226307	  0.226307	
  0.226307	  0.226307	  0.226307	  0.321078	
  0.761759	  0.046465	  0.145311	  0.046465	
  0.632674	  0.116336	  0.023174	  0.227815	
  0.669170	  0.000176	  0.000176	  0.330479	
  0.195762	  0.000176	  0.000176	  0.803887	
  0.804397	  0.000176	  0.000176	  0.195252	
  0.517902	  0.000176	  0.000176	  0.481747	
  0.321162	  0.023868	  0.023868	  0.631102	
  0.023868	  0.122715	  0.023868	  0.829549	
  0.295706	  0.203711	  0.296873	  0.203711	
  0.318996	  0.227001	  0.227001	  0.227001	

MOTIF M01686_2.00  Xrp1 

letter-probability matrix: alength= 4 w= 9 nsites= 1 E= 0
  0.353239	  0.184407	  0.205850	  0.256504	
  0.291909	  0.209860	  0.178831	  0.319399	
  0.479754	  0.153435	  0.207115	  0.159696	
  0.353839	  0.157408	  0.196143	  0.292610	
  0.432302	  0.070748	  0.192313	  0.304638	
  0.389749	  0.100033	  0.061899	  0.448318	
  0.862322	  0.000496	  0.084743	  0.052438	
  0.519591	  0.033887	  0.087623	  0.358899	
  0.365816	  0.092956	  0.080812	  0.460416	

MOTIF M05900_2.00  Xrp1 

letter-probability matrix: alength= 4 w= 10 nsites= 1 E= 0
  0.437500	  0.000000	  0.500000	  0.062500	
  0.000000	  0.058824	  0.000000	  0.941176	
  0.000000	  0.058824	  0.294118	  0.647059	
  0.294118	  0.000000	  0.705882	  0.000000	
  0.000000	  0.588235	  0.000000	  0.411765	
  0.000000	  0.000000	  1.000000	  0.000000	
  0.058824	  0.588235	  0.000000	  0.352941	
  1.000000	  0.000000	  0.000000	  0.000000	
  1.000000	  0.000000	  0.000000	  0.000000	
  0.000000	  0.000000	  0.058824	  0.941176	

MOTIF M08403_2.00  BEAF-32 

letter-probability matrix: alength= 4 w= 15 nsites= 1 E= 0
  0.187202	  0.218821	  0.284065	  0.309912	
  0.240652	  0.360602	  0.212547	  0.186198	
  0.315182	  0.212547	  0.328482	  0.143789	
  0.469511	  0.340778	  0.189711	  0.000000	
  0.497365	  0.086324	  0.168381	  0.247930	
  0.551066	  0.081305	  0.254203	  0.113425	
  0.388206	  0.461982	  0.149812	  0.000000	
  0.186951	  0.159348	  0.000000	  0.653701	
  0.980678	  0.000000	  0.019322	  0.000000	
  0.000000	  0.000000	  0.000000	  1.000000	
  0.000000	  1.000000	  0.000000	  0.000000	
  0.019322	  0.000000	  0.980678	  0.000000	
  0.906650	  0.000000	  0.093350	  0.000000	
  0.107403	  0.042660	  0.000000	  0.849937	
  0.542535	  0.000000	  0.197742	  0.259724	

MOTIF M05901_2.00  Dref 

letter-probability matrix: alength= 4 w= 12 nsites= 1 E= 0
  0.000000	  0.375000	  0.125000	  0.500000	
  0.125000	  0.125000	  0.125000	  0.625000	
  0.625000	  0.000000	  0.125000	  0.250000	
  0.000000	  0.000000	  0.250000	  0.750000	
  0.000000	  1.000000	  0.000000	  0.000000	
  0.000000	  0.000000	  1.000000	  0.000000	
  1.000000	  0.000000	  0.000000	  0.000000	
  0.000000	  0.000000	  0.000000	  1.000000	
  1.000000	  0.000000	  0.000000	  0.000000	
  0.500000	  0.000000	  0.000000	  0.500000	
  0.250000	  0.250000	  0.250000	  0.250000	
  0.500000	  0.125000	  0.000000	  0.375000	

MOTIF M03592_2.00  ac 

letter-probability matrix: alength= 4 w= 16 nsites= 1 E= 0
  0.709790	  0.102273	  0.131993	  0.055944	
  0.780342	  0.010256	  0.176068	  0.033333	
  0.824618	  0.020113	  0.065165	  0.090105	
  0.926169	  0.009024	  0.040197	  0.024610	
  0.313770	  0.018811	  0.662904	  0.004515	
  0.000000	  0.996568	  0.003432	  0.000000	
  0.995540	  0.001784	  0.000892	  0.001784	
  0.000000	  0.022064	  0.967554	  0.010383	
  0.009836	  0.975738	  0.014426	  0.000000	
  0.000898	  0.001797	  0.000000	  0.997305	
  0.000000	  0.000000	  1.000000	  0.000000	
  0.003757	  0.689707	  0.018032	  0.288505	
  0.011410	  0.061940	  0.004075	  0.922575	
  0.100324	  0.048544	  0.028317	  0.822816	
  0.036815	  0.155822	  0.023973	  0.783390	
  0.072935	  0.146749	  0.071178	  0.709139	

MOTIF M05902_2.00  ac 

letter-probability matrix: alength= 4 w= 8 nsites= 1 E= 0
  0.526316	  0.052632	  0.368421	  0.052632	
  0.000000	  1.000000	  0.000000	  0.000000	
  1.000000	  0.000000	  0.000000	  0.000000	
  0.000000	  0.947368	  0.052632	  0.000000	
  0.000000	  1.000000	  0.000000	  0.000000	
  0.000000	  0.000000	  0.000000	  1.000000	
  0.000000	  0.000000	  1.000000	  0.000000	
  0.000000	  0.789474	  0.000000	  0.210526	

MOTIF M05903_2.00  ase 

letter-probability matrix: alength= 4 w= 7 nsites= 1 E= 0
  0.000000	  0.956522	  0.043478	  0.000000	
  1.000000	  0.000000	  0.000000	  0.000000	
  0.000000	  0.826087	  0.043478	  0.130435	
  0.000000	  1.000000	  0.000000	  0.000000	
  0.000000	  0.000000	  0.000000	  1.000000	
  0.000000	  0.000000	  1.000000	  0.000000	
  0.000000	  0.739130	  0.000000	  0.260870	

MOTIF M03593_2.00  da 

letter-probability matrix: alength= 4 w= 9 nsites= 1 E= 0
  0.484644	  0.240634	  0.234318	  0.040403	
  0.000199	  0.999801	  0.000000	  0.000000	
  0.996036	  0.000595	  0.003369	  0.000000	
  0.002589	  0.813334	  0.149527	  0.034550	
  0.008701	  0.583733	  0.398964	  0.008603	
  0.000000	  0.010645	  0.007715	  0.981641	
  0.000000	  0.000000	  1.000000	  0.000000	
  0.049923	  0.701857	  0.096704	  0.151515	
  0.425770	  0.164979	  0.243594	  0.165657	

MOTIF M05904_2.00  da 

letter-probability matrix: alength= 4 w= 8 nsites= 1 E= 0
  0.526316	  0.052632	  0.368421	  0.052632	
  0.000000	  1.000000	  0.000000	  0.000000	
  1.000000	  0.000000	  0.000000	  0.000000	
  0.000000	  0.947368	  0.052632	  0.000000	
  0.000000	  1.000000	  0.000000	  0.000000	
  0.000000	  0.000000	  0.000000	  1.000000	
  0.000000	  0.000000	  1.000000	  0.000000	
  0.000000	  0.789474	  0.000000	  0.210526	

MOTIF M05905_2.00  da 

letter-probability matrix: alength= 4 w= 11 nsites= 1 E= 0
  0.565217	  0.043478	  0.347826	  0.043478	
  0.304348	  0.565217	  0.000000	  0.130435	
  0.000000	  1.000000	  0.000000	  0.000000	
  1.000000	  0.000000	  0.000000	  0.000000	
  0.000000	  0.304348	  0.043478	  0.652174	
  0.304348	  0.695652	  0.000000	  0.000000	
  0.000000	  0.000000	  0.000000	  1.000000	
  0.000000	  0.000000	  1.000000	  0.000000	
  0.086957	  0.391304	  0.260870	  0.260870	
  0.086957	  0.565217	  0.130435	  0.217391	
  0.260870	  0.304348	  0.434783	  0.000000	

MOTIF M05906_2.00  da 

letter-probability matrix: alength= 4 w= 7 nsites= 1 E= 0
  0.000000	  0.956522	  0.043478	  0.000000	
  1.000000	  0.000000	  0.000000	  0.000000	
  0.000000	  0.826087	  0.043478	  0.130435	
  0.000000	  1.000000	  0.000000	  0.000000	
  0.000000	  0.000000	  0.000000	  1.000000	
  0.000000	  0.000000	  1.000000	  0.000000	
  0.000000	  0.739130	  0.000000	  0.260870	

MOTIF M05907_2.00  da 

letter-probability matrix: alength= 4 w= 11 nsites= 1 E= 0
  0.347826	  0.478261	  0.173913	  0.000000	
  0.000000	  1.000000	  0.000000	  0.000000	
  1.000000	  0.000000	  0.000000	  0.000000	
  0.000000	  0.608696	  0.043478	  0.347826	
  0.347826	  0.652174	  0.000000	  0.000000	
  0.000000	  0.000000	  0.000000	  1.000000	
  0.000000	  0.000000	  1.000000	  0.000000	
  0.304348	  0.130435	  0.130435	  0.434783	
  0.000000	  0.826087	  0.000000	  0.173913	
  0.478261	  0.130435	  0.304348	  0.086957	
  0.130435	  0.565217	  0.086957	  0.217391	

MOTIF M05908_2.00  da 

letter-probability matrix: alength= 4 w= 9 nsites= 1 E= 0
  0.454545	  0.272727	  0.227273	  0.045455	
  0.000000	  1.000000	  0.000000	  0.000000	
  1.000000	  0.000000	  0.000000	  0.000000	
  0.090909	  0.363636	  0.136364	  0.409091	
  0.409091	  0.590909	  0.000000	  0.000000	
  0.000000	  0.000000	  0.000000	  1.000000	
  0.000000	  0.000000	  1.000000	  0.000000	
  0.227273	  0.045455	  0.363636	  0.363636	
  0.000000	  0.818182	  0.090909	  0.090909	

MOTIF M05909_2.00  da 

letter-probability matrix: alength= 4 w= 9 nsites= 1 E= 0
  0.368421	  0.473684	  0.157895	  0.000000	
  0.000000	  1.000000	  0.000000	  0.000000	
  0.947368	  0.000000	  0.052632	  0.000000	
  0.000000	  0.526316	  0.052632	  0.421053	
  0.368421	  0.631579	  0.000000	  0.000000	
  0.052632	  0.000000	  0.000000	  0.947368	
  0.000000	  0.000000	  1.000000	  0.000000	
  0.315789	  0.368421	  0.157895	  0.157895	
  0.157895	  0.736842	  0.052632	  0.052632	

MOTIF M05910_2.00  da 

letter-probability matrix: alength= 4 w= 10 nsites= 1 E= 0
  0.391304	  0.478261	  0.043478	  0.086957	
  0.478261	  0.217391	  0.304348	  0.000000	
  0.000000	  1.000000	  0.000000	  0.000000	
  0.956522	  0.000000	  0.043478	  0.000000	
  0.086957	  0.260870	  0.434783	  0.217391	
  0.304348	  0.652174	  0.043478	  0.000000	
  0.043478	  0.000000	  0.000000	  0.956522	
  0.000000	  0.000000	  1.000000	  0.000000	
  0.521739	  0.086957	  0.130435	  0.260870	
  0.000000	  0.826087	  0.000000	  0.173913	

MOTIF M05911_2.00  da 

letter-probability matrix: alength= 4 w= 21 nsites= 1 E= 0
  0.304348	  0.565217	  0.130435	  0.000000	
  0.000000	  1.000000	  0.000000	  0.000000	
  0.826087	  0.043478	  0.130435	  0.000000	
  0.000000	  0.304348	  0.521739	  0.173913	
  0.739130	  0.260870	  0.000000	  0.000000	
  0.000000	  0.043478	  0.043478	  0.913043	
  0.086957	  0.000000	  0.782609	  0.130435	
  0.043478	  0.130435	  0.478261	  0.347826	
  0.217391	  0.391304	  0.130435	  0.260870	
  0.478261	  0.173913	  0.347826	  0.000000	
  0.304348	  0.434783	  0.000000	  0.260870	
  0.260870	  0.260870	  0.347826	  0.130435	
  0.304348	  0.260870	  0.347826	  0.086957	
  0.478261	  0.434783	  0.000000	  0.086957	
  0.217391	  0.347826	  0.260870	  0.173913	
  0.652174	  0.173913	  0.000000	  0.173913	
  0.173913	  0.391304	  0.130435	  0.304348	
  0.434783	  0.173913	  0.086957	  0.304348	
  0.478261	  0.217391	  0.173913	  0.130435	
  0.380952	  0.428571	  0.095238	  0.095238	
  0.823529	  0.117647	  0.000000	  0.058824	

MOTIF M05912_2.00  da 

letter-probability matrix: alength= 4 w= 11 nsites= 1 E= 0
  0.304348	  0.000000	  0.608696	  0.086957	
  0.086957	  0.521739	  0.347826	  0.043478	
  0.652174	  0.173913	  0.173913	  0.000000	
  0.000000	  1.000000	  0.000000	  0.000000	
  1.000000	  0.000000	  0.000000	  0.000000	
  0.000000	  0.869565	  0.130435	  0.000000	
  0.000000	  0.652174	  0.347826	  0.000000	
  0.000000	  0.000000	  0.000000	  1.000000	
  0.000000	  0.000000	  1.000000	  0.000000	
  0.000000	  0.739130	  0.000000	  0.260870	
  0.391304	  0.043478	  0.434783	  0.130435	

MOTIF M05913_2.00  da 

letter-probability matrix: alength= 4 w= 10 nsites= 1 E= 0
  0.764706	  0.235294	  0.000000	  0.000000	
  0.411765	  0.588235	  0.000000	  0.000000	
  0.000000	  1.000000	  0.000000	  0.000000	
  1.000000	  0.000000	  0.000000	  0.000000	
  0.000000	  0.529412	  0.000000	  0.470588	
  0.352941	  0.647059	  0.000000	  0.000000	
  0.000000	  0.000000	  0.000000	  1.000000	
  0.000000	  0.000000	  1.000000	  0.000000	
  0.058824	  0.000000	  0.294118	  0.647059	
  0.294118	  0.235294	  0.000000	  0.470588	

MOTIF M05914_2.00  da 

letter-probability matrix: alength= 4 w= 11 nsites= 1 E= 0
  0.473684	  0.210526	  0.000000	  0.315789	
  0.210526	  0.789474	  0.000000	  0.000000	
  0.000000	  1.000000	  0.000000	  0.000000	
  1.000000	  0.000000	  0.000000	  0.000000	
  0.000000	  0.000000	  0.000000	  1.000000	
  0.947368	  0.052632	  0.000000	  0.000000	
  0.000000	  0.000000	  0.000000	  1.000000	
  0.000000	  0.000000	  1.000000	  0.000000	
  0.000000	  0.052632	  0.789474	  0.157895	
  0.000000	  0.526316	  0.052632	  0.421053	
  0.210526	  0.000000	  0.736842	  0.052632	

MOTIF M05915_2.00  da 

letter-probability matrix: alength= 4 w= 11 nsites= 1 E= 0
  0.478261	  0.260870	  0.043478	  0.217391	
  0.478261	  0.260870	  0.260870	  0.000000	
  0.000000	  1.000000	  0.000000	  0.000000	
  1.000000	  0.000000	  0.000000	  0.000000	
  0.000000	  0.652174	  0.347826	  0.000000	
  0.260870	  0.608696	  0.130435	  0.000000	
  0.000000	  0.000000	  0.000000	  1.000000	
  0.000000	  0.000000	  1.000000	  0.000000	
  0.347826	  0.130435	  0.086957	  0.434783	
  0.000000	  0.739130	  0.130435	  0.130435	
  0.608696	  0.173913	  0.173913	  0.043478	

MOTIF M05916_2.00  da 

letter-probability matrix: alength= 4 w= 10 nsites= 1 E= 0
  0.350000	  0.500000	  0.150000	  0.000000	
  0.000000	  1.000000	  0.000000	  0.000000	
  1.000000	  0.000000	  0.000000	  0.000000	
  0.000000	  0.200000	  0.600000	  0.200000	
  0.100000	  0.550000	  0.350000	  0.000000	
  0.000000	  0.000000	  0.000000	  1.000000	
  0.000000	  0.000000	  1.000000	  0.000000	
  0.850000	  0.000000	  0.000000	  0.150000	
  0.000000	  0.950000	  0.000000	  0.050000	
  0.450000	  0.000000	  0.500000	  0.050000	

MOTIF M05917_2.00  da 

letter-probability matrix: alength= 4 w= 10 nsites= 1 E= 0
  0.052632	  0.000000	  0.789474	  0.157895	
  0.105263	  0.105263	  0.210526	  0.578947	
  0.421053	  0.210526	  0.368421	  0.000000	
  0.736842	  0.000000	  0.105263	  0.157895	
  0.000000	  1.000000	  0.000000	  0.000000	
  0.947368	  0.000000	  0.052632	  0.000000	
  0.000000	  0.052632	  0.789474	  0.157895	
  0.263158	  0.421053	  0.263158	  0.052632	
  0.000000	  0.052632	  0.000000	  0.947368	
  0.000000	  0.000000	  0.894737	  0.105263	

MOTIF M05918_2.00  da 

letter-probability matrix: alength= 4 w= 9 nsites= 1 E= 0
  0.000000	  1.000000	  0.000000	  0.000000	
  1.000000	  0.000000	  0.000000	  0.000000	
  0.000000	  0.500000	  0.416667	  0.083333	
  1.000000	  0.000000	  0.000000	  0.000000	
  0.000000	  0.000000	  0.000000	  1.000000	
  0.000000	  0.000000	  0.916667	  0.083333	
  0.000000	  0.166667	  0.833333	  0.000000	
  0.000000	  0.916667	  0.000000	  0.083333	
  0.083333	  0.666667	  0.166667	  0.083333	

MOTIF M05919_2.00  da 

letter-probability matrix: alength= 4 w= 10 nsites= 1 E= 0
  0.000000	  1.000000	  0.000000	  0.000000	
  1.000000	  0.000000	  0.000000	  0.000000	
  0.000000	  1.000000	  0.000000	  0.000000	
  0.000000	  1.000000	  0.000000	  0.000000	
  0.000000	  0.000000	  0.000000	  1.000000	
  0.000000	  0.000000	  1.000000	  0.000000	
  0.333333	  0.666667	  0.000000	  0.000000	
  0.250000	  0.083333	  0.333333	  0.333333	
  0.083333	  0.833333	  0.000000	  0.083333	
  0.090909	  0.727273	  0.090909	  0.090909	

MOTIF M05920_2.00  da 

letter-probability matrix: alength= 4 w= 12 nsites= 1 E= 0
  0.375000	  0.500000	  0.125000	  0.000000	
  0.000000	  1.000000	  0.000000	  0.000000	
  1.000000	  0.000000	  0.000000	  0.000000	
  0.000000	  0.705882	  0.000000	  0.294118	
  0.058824	  0.941176	  0.000000	  0.000000	
  0.000000	  0.000000	  0.000000	  1.000000	
  0.000000	  0.000000	  1.000000	  0.000000	
  0.411765	  0.411765	  0.117647	  0.058824	
  0.117647	  0.117647	  0.647059	  0.117647	
  0.294118	  0.470588	  0.117647	  0.117647	
  0.235294	  0.705882	  0.000000	  0.058824	
  0.187500	  0.687500	  0.062500	  0.062500	

MOTIF M05921_2.00  da 

letter-probability matrix: alength= 4 w= 15 nsites= 1 E= 0
  0.391304	  0.391304	  0.217391	  0.000000	
  0.521739	  0.130435	  0.217391	  0.130435	
  0.478261	  0.260870	  0.086957	  0.173913	
  0.478261	  0.260870	  0.043478	  0.217391	
  0.434783	  0.260870	  0.304348	  0.000000	
  0.000000	  1.000000	  0.000000	  0.000000	
  1.000000	  0.000000	  0.000000	  0.000000	
  0.000000	  0.913043	  0.043478	  0.043478	
  0.043478	  0.956522	  0.000000	  0.000000	
  0.000000	  0.000000	  0.000000	  1.000000	
  0.000000	  0.043478	  0.956522	  0.000000	
  0.391304	  0.434783	  0.043478	  0.130435	
  0.086957	  0.173913	  0.478261	  0.260870	
  0.217391	  0.434783	  0.217391	  0.130435	
  0.130435	  0.739130	  0.086957	  0.043478	

MOTIF M05922_2.00  da 

letter-probability matrix: alength= 4 w= 11 nsites= 1 E= 0
  0.500000	  0.416667	  0.041667	  0.041667	
  0.500000	  0.416667	  0.083333	  0.000000	
  0.000000	  0.958333	  0.000000	  0.041667	
  1.000000	  0.000000	  0.000000	  0.000000	
  0.000000	  1.000000	  0.000000	  0.000000	
  0.000000	  0.958333	  0.000000	  0.041667	
  0.000000	  0.041667	  0.083333	  0.875000	
  0.000000	  0.000000	  1.000000	  0.000000	
  0.000000	  0.416667	  0.041667	  0.541667	
  0.000000	  0.260870	  0.130435	  0.608696	
  0.304348	  0.304348	  0.391304	  0.000000	

MOTIF M05923_2.00  da 

letter-probability matrix: alength= 4 w= 7 nsites= 1 E= 0
  0.000000	  0.956522	  0.000000	  0.043478	
  1.000000	  0.000000	  0.000000	  0.000000	
  0.043478	  0.956522	  0.000000	  0.000000	
  0.000000	  0.956522	  0.000000	  0.043478	
  0.043478	  0.043478	  0.000000	  0.913043	
  0.000000	  0.000000	  1.000000	  0.000000	
  0.000000	  0.826087	  0.000000	  0.173913	

MOTIF M05924_2.00  da 

letter-probability matrix: alength= 4 w= 8 nsites= 1 E= 0
  0.000000	  0.941176	  0.058824	  0.000000	
  1.000000	  0.000000	  0.000000	  0.000000	
  0.000000	  1.000000	  0.000000	  0.000000	
  0.000000	  1.000000	  0.000000	  0.000000	
  0.000000	  0.000000	  0.000000	  1.000000	
  0.000000	  0.000000	  1.000000	  0.000000	
  0.000000	  0.409091	  0.000000	  0.590909	
  0.045455	  0.636364	  0.045455	  0.272727	

MOTIF M05925_2.00  da 

letter-probability matrix: alength= 4 w= 9 nsites= 1 E= 0
  0.454545	  0.181818	  0.318182	  0.045455	
  0.272727	  0.590909	  0.136364	  0.000000	
  0.000000	  1.000000	  0.000000	  0.000000	
  1.000000	  0.000000	  0.000000	  0.000000	
  0.000000	  0.636364	  0.090909	  0.272727	
  0.000000	  1.000000	  0.000000	  0.000000	
  0.000000	  0.045455	  0.000000	  0.954545	
  0.000000	  0.000000	  1.000000	  0.000000	
  0.045455	  0.181818	  0.318182	  0.454545	

MOTIF M05926_2.00  da 

letter-probability matrix: alength= 4 w= 11 nsites= 1 E= 0
  0.136364	  0.454545	  0.363636	  0.045455	
  0.772727	  0.000000	  0.090909	  0.136364	
  0.045455	  0.954545	  0.000000	  0.000000	
  0.045455	  0.954545	  0.000000	  0.000000	
  1.000000	  0.000000	  0.000000	  0.000000	
  0.000000	  0.000000	  0.000000	  1.000000	
  0.818182	  0.181818	  0.000000	  0.000000	
  0.000000	  0.090909	  0.000000	  0.909091	
  0.000000	  0.000000	  1.000000	  0.000000	
  0.045455	  0.090909	  0.454545	  0.409091	
  0.000000	  0.681818	  0.000000	  0.318182	

MOTIF M05927_2.00  da 

letter-probability matrix: alength= 4 w= 15 nsites= 1 E= 0
  0.722222	  0.166667	  0.111111	  0.000000	
  0.277778	  0.388889	  0.111111	  0.222222	
  0.000000	  0.611111	  0.222222	  0.166667	
  0.111111	  0.277778	  0.333333	  0.277778	
  0.166667	  0.333333	  0.277778	  0.222222	
  0.500000	  0.111111	  0.333333	  0.055556	
  0.111111	  0.777778	  0.111111	  0.000000	
  0.000000	  1.000000	  0.000000	  0.000000	
  1.000000	  0.000000	  0.000000	  0.000000	
  0.000000	  0.166667	  0.055556	  0.777778	
  0.388889	  0.611111	  0.000000	  0.000000	
  0.000000	  0.000000	  0.000000	  1.000000	
  0.000000	  0.000000	  1.000000	  0.000000	
  0.000000	  0.055556	  0.333333	  0.611111	
  0.166667	  0.500000	  0.000000	  0.333333	

MOTIF M05928_2.00  da 

letter-probability matrix: alength= 4 w= 9 nsites= 1 E= 0
  0.625000	  0.312500	  0.062500	  0.000000	
  0.000000	  1.000000	  0.000000	  0.000000	
  1.000000	  0.000000	  0.000000	  0.000000	
  0.000000	  0.062500	  0.000000	  0.937500	
  0.187500	  0.812500	  0.000000	  0.000000	
  0.000000	  0.000000	  0.000000	  1.000000	
  0.000000	  0.000000	  1.000000	  0.000000	
  0.000000	  0.062500	  0.375000	  0.562500	
  0.000000	  0.687500	  0.000000	  0.312500	

MOTIF M05929_2.00  da 

letter-probability matrix: alength= 4 w= 11 nsites= 1 E= 0
  0.521739	  0.000000	  0.260870	  0.217391	
  0.739130	  0.130435	  0.130435	  0.000000	
  0.913043	  0.086957	  0.000000	  0.000000	
  0.695652	  0.260870	  0.043478	  0.000000	
  0.000000	  1.000000	  0.000000	  0.000000	
  1.000000	  0.000000	  0.000000	  0.000000	
  0.000000	  0.434783	  0.391304	  0.173913	
  0.217391	  0.782609	  0.000000	  0.000000	
  0.043478	  0.043478	  0.000000	  0.913043	
  0.000000	  0.000000	  1.000000	  0.000000	
  0.000000	  0.227273	  0.090909	  0.681818	

MOTIF M05930_2.00  da 

letter-probability matrix: alength= 4 w= 8 nsites= 1 E= 0
  0.478261	  0.217391	  0.304348	  0.000000	
  0.000000	  1.000000	  0.000000	  0.000000	
  1.000000	  0.000000	  0.000000	  0.000000	
  0.000000	  0.875000	  0.041667	  0.083333	
  0.000000	  1.000000	  0.000000	  0.000000	
  0.000000	  0.000000	  0.000000	  1.000000	
  0.000000	  0.000000	  1.000000	  0.000000	
  0.000000	  0.666667	  0.041667	  0.291667	

MOTIF M05931_2.00  da 

letter-probability matrix: alength= 4 w= 10 nsites= 1 E= 0
  0.071429	  0.214286	  0.000000	  0.714286	
  0.142857	  0.071429	  0.785714	  0.000000	
  0.928571	  0.071429	  0.000000	  0.000000	
  0.000000	  1.000000	  0.000000	  0.000000	
  1.000000	  0.000000	  0.000000	  0.000000	
  0.000000	  0.000000	  0.214286	  0.785714	
  0.357143	  0.357143	  0.214286	  0.071429	
  0.000000	  0.071429	  0.000000	  0.928571	
  0.000000	  0.000000	  1.000000	  0.000000	
  0.000000	  0.250000	  0.750000	  0.000000	

MOTIF M05932_2.00  da 

letter-probability matrix: alength= 4 w= 11 nsites= 1 E= 0
  0.352941	  0.000000	  0.647059	  0.000000	
  0.000000	  0.235294	  0.176471	  0.588235	
  0.411765	  0.000000	  0.588235	  0.000000	
  0.705882	  0.176471	  0.117647	  0.000000	
  0.000000	  1.000000	  0.000000	  0.000000	
  1.000000	  0.000000	  0.000000	  0.000000	
  0.000000	  0.000000	  0.352941	  0.647059	
  0.705882	  0.176471	  0.117647	  0.000000	
  0.000000	  0.000000	  0.000000	  1.000000	
  0.000000	  0.000000	  1.000000	  0.000000	
  0.000000	  0.133333	  0.533333	  0.333333	

MOTIF M05933_2.00  da 

letter-probability matrix: alength= 4 w= 10 nsites= 1 E= 0
  0.521739	  0.173913	  0.304348	  0.000000	
  0.043478	  0.826087	  0.086957	  0.043478	
  0.000000	  0.956522	  0.000000	  0.043478	
  1.000000	  0.000000	  0.000000	  0.000000	
  0.000000	  0.130435	  0.695652	  0.173913	
  0.956522	  0.000000	  0.043478	  0.000000	
  0.000000	  0.000000	  0.000000	  1.000000	
  0.000000	  0.043478	  0.956522	  0.000000	
  0.000000	  0.086957	  0.173913	  0.739130	
  0.000000	  0.318182	  0.318182	  0.363636	

MOTIF M05934_2.00  E(spl)m8-HLH 

letter-probability matrix: alength= 4 w= 10 nsites= 1 E= 0
  0.142857	  0.071429	  0.785714	  0.000000	
  0.000000	  1.000000	  0.000000	  0.000000	
  0.933333	  0.000000	  0.066667	  0.000000	
  0.000000	  1.000000	  0.000000	  0.000000	
  0.000000	  0.000000	  1.000000	  0.000000	
  0.066667	  0.133333	  0.000000	  0.800000	
  0.000000	  0.000000	  1.000000	  0.000000	
  0.066667	  0.733333	  0.066667	  0.133333	
  0.000000	  0.933333	  0.000000	  0.066667	
  0.733333	  0.000000	  0.266667	  0.000000	

MOTIF M03594_2.00  h 

letter-probability matrix: alength= 4 w= 12 nsites= 1 E= 0
  0.113122	  0.425339	  0.072398	  0.389140	
  0.000000	  0.106007	  0.780919	  0.113074	
  0.131818	  0.436364	  0.390909	  0.040909	
  0.000000	  0.965066	  0.034934	  0.000000	
  1.000000	  0.000000	  0.000000	  0.000000	
  0.046809	  0.940426	  0.012766	  0.000000	
  0.166038	  0.000000	  0.833962	  0.000000	
  0.000000	  0.783688	  0.021277	  0.195035	
  0.018797	  0.000000	  0.830827	  0.150376	
  0.444934	  0.493392	  0.000000	  0.061674	
  0.197832	  0.598916	  0.130081	  0.073171	
  0.618834	  0.143498	  0.000000	  0.237668	

MOTIF M05935_2.00  h 

letter-probability matrix: alength= 4 w= 10 nsites= 1 E= 0
  0.000000	  0.000000	  1.000000	  0.000000	
  0.000000	  0.166667	  0.722222	  0.111111	
  0.000000	  1.000000	  0.000000	  0.000000	
  0.722222	  0.000000	  0.277778	  0.000000	
  0.000000	  0.944444	  0.000000	  0.055556	
  0.000000	  0.000000	  1.000000	  0.000000	
  0.000000	  0.333333	  0.000000	  0.666667	
  0.000000	  0.000000	  1.000000	  0.000000	
  0.277778	  0.333333	  0.222222	  0.166667	
  0.000000	  0.944444	  0.055556	  0.000000	

MOTIF M05936_2.00  h 

letter-probability matrix: alength= 4 w= 10 nsites= 1 E= 0
  0.000000	  0.000000	  1.000000	  0.000000	
  0.166667	  0.388889	  0.444444	  0.000000	
  0.000000	  1.000000	  0.000000	  0.000000	
  1.000000	  0.000000	  0.000000	  0.000000	
  0.000000	  1.000000	  0.000000	  0.000000	
  0.000000	  0.000000	  1.000000	  0.000000	
  0.000000	  0.722222	  0.000000	  0.277778	
  0.000000	  0.000000	  1.000000	  0.000000	
  0.500000	  0.500000	  0.000000	  0.000000	
  0.000000	  1.000000	  0.000000	  0.000000	

MOTIF M06463_2.00  h 

letter-probability matrix: alength= 4 w= 10 nsites= 1 E= 0
  0.029412	  0.058824	  0.882353	  0.029412	
  0.088235	  0.205882	  0.500000	  0.205882	
  0.029412	  0.911765	  0.029412	  0.029412	
  0.647059	  0.029412	  0.294118	  0.029412	
  0.029412	  0.882353	  0.029412	  0.058824	
  0.058824	  0.029412	  0.882353	  0.029412	
  0.029412	  0.294118	  0.029412	  0.647059	
  0.029412	  0.029412	  0.911765	  0.029412	
  0.205882	  0.500000	  0.205882	  0.088235	
  0.029412	  0.882353	  0.058824	  0.029412	

MOTIF M09656_2.00  h 

letter-probability matrix: alength= 4 w= 10 nsites= 1 E= 0
  0.087845	  0.161142	  0.696105	  0.054908	
  0.234029	  0.212247	  0.500098	  0.053626	
  0.032473	  0.910916	  0.029139	  0.027473	
  0.910739	  0.027625	  0.024408	  0.037228	
  0.033248	  0.919463	  0.025311	  0.021978	
  0.066068	  0.029915	  0.872039	  0.031978	
  0.026978	  0.736044	  0.038132	  0.198846	
  0.052418	  0.065238	  0.796349	  0.085995	
  0.250238	  0.502039	  0.099554	  0.148168	
  0.128669	  0.634096	  0.118797	  0.118437	

MOTIF M09891_2.00  h 

letter-probability matrix: alength= 4 w= 14 nsites= 1 E= 0
  0.200000	  0.300000	  0.350000	  0.150000	
  0.262626	  0.303030	  0.262626	  0.171717	
  0.120000	  0.160000	  0.560000	  0.160000	
  0.190000	  0.150000	  0.580000	  0.080000	
  0.000000	  0.960000	  0.000000	  0.040000	
  0.801980	  0.118812	  0.000000	  0.079208	
  0.000000	  1.000000	  0.000000	  0.000000	
  0.030303	  0.000000	  0.939394	  0.030303	
  0.000000	  0.830000	  0.070000	  0.100000	
  0.000000	  0.120000	  0.710000	  0.170000	
  0.360000	  0.410000	  0.180000	  0.050000	
  0.049505	  0.613861	  0.237624	  0.099010	
  0.470000	  0.210000	  0.110000	  0.210000	
  0.151515	  0.151515	  0.313131	  0.383838	

MOTIF M03595_2.00  crp 

letter-probability matrix: alength= 4 w= 10 nsites= 1 E= 0
  0.728879	  0.068925	  0.186990	  0.015206	
  0.750779	  0.186916	  0.006231	  0.056075	
  0.000000	  0.996154	  0.000000	  0.003846	
  0.941818	  0.025455	  0.025455	  0.007273	
  0.000000	  0.000000	  1.000000	  0.000000	
  0.000000	  0.984791	  0.015209	  0.000000	
  0.022642	  0.000000	  0.000000	  0.977358	
  0.000000	  0.000000	  0.996154	  0.003846	
  0.722008	  0.000000	  0.000000	  0.277992	
  0.003425	  0.068493	  0.041096	  0.886986	

MOTIF M05937_2.00  crp 

letter-probability matrix: alength= 4 w= 11 nsites= 1 E= 0
  0.411765	  0.176471	  0.411765	  0.000000	
  0.666667	  0.111111	  0.055556	  0.166667	
  0.388889	  0.388889	  0.055556	  0.166667	
  0.000000	  1.000000	  0.000000	  0.000000	
  1.000000	  0.000000	  0.000000	  0.000000	
  0.000000	  0.000000	  0.833333	  0.166667	
  0.222222	  0.777778	  0.000000	  0.000000	
  0.000000	  0.000000	  0.000000	  1.000000	
  0.000000	  0.000000	  1.000000	  0.000000	
  0.888889	  0.000000	  0.111111	  0.000000	
  0.000000	  0.388889	  0.055556	  0.555556	

MOTIF M05938_2.00  l(1)sc 

letter-probability matrix: alength= 4 w= 7 nsites= 1 E= 0
  0.000000	  0.956522	  0.000000	  0.043478	
  1.000000	  0.000000	  0.000000	  0.000000	
  0.043478	  0.956522	  0.000000	  0.000000	
  0.000000	  0.956522	  0.000000	  0.043478	
  0.043478	  0.043478	  0.000000	  0.913043	
  0.000000	  0.000000	  1.000000	  0.000000	
  0.000000	  0.826087	  0.000000	  0.173913	

MOTIF M03596_2.00  E(spl)m3-HLH 

letter-probability matrix: alength= 4 w= 14 nsites= 1 E= 0
  0.375455	  0.061818	  0.163636	  0.399091	
  0.077815	  0.109272	  0.033113	  0.779801	
  0.058348	  0.000000	  0.940754	  0.000898	
  0.038925	  0.011121	  0.949954	  0.000000	
  0.000000	  1.000000	  0.000000	  0.000000	
  0.993361	  0.000000	  0.006639	  0.000000	
  0.000882	  0.998236	  0.000000	  0.000882	
  0.000889	  0.000000	  0.999111	  0.000000	
  0.000826	  0.011561	  0.000000	  0.987614	
  0.000000	  0.000000	  1.000000	  0.000000	
  0.001850	  0.960222	  0.013876	  0.024052	
  0.000000	  0.938721	  0.002664	  0.058615	
  0.726901	  0.040883	  0.123467	  0.108749	
  0.369272	  0.165319	  0.057502	  0.407907	

MOTIF M05939_2.00  E(spl)m3-HLH 

letter-probability matrix: alength= 4 w= 9 nsites= 1 E= 0
  0.000000	  1.000000	  0.000000	  0.000000	
  0.954545	  0.000000	  0.045455	  0.000000	
  0.000000	  1.000000	  0.000000	  0.000000	
  0.045455	  0.000000	  0.954545	  0.000000	
  0.045455	  0.136364	  0.000000	  0.818182	
  0.000000	  0.000000	  1.000000	  0.000000	
  0.136364	  0.636364	  0.136364	  0.090909	
  0.000000	  0.818182	  0.000000	  0.181818	
  0.681818	  0.181818	  0.045455	  0.090909	

MOTIF M05940_2.00  E(spl)m5-HLH 

letter-probability matrix: alength= 4 w= 10 nsites= 1 E= 0
  0.000000	  0.333333	  0.666667	  0.000000	
  0.000000	  1.000000	  0.000000	  0.000000	
  1.000000	  0.000000	  0.000000	  0.000000	
  0.000000	  1.000000	  0.000000	  0.000000	
  0.000000	  0.000000	  1.000000	  0.000000	
  0.333333	  0.333333	  0.000000	  0.333333	
  0.000000	  0.000000	  1.000000	  0.000000	
  0.333333	  0.333333	  0.000000	  0.333333	
  0.000000	  1.000000	  0.000000	  0.000000	
  1.000000	  0.000000	  0.000000	  0.000000	

MOTIF M05941_2.00  E(spl)m5-HLH 

letter-probability matrix: alength= 4 w= 11 nsites= 1 E= 0
  0.333333	  0.166667	  0.500000	  0.000000	
  0.210526	  0.105263	  0.684211	  0.000000	
  0.000000	  1.000000	  0.000000	  0.000000	
  0.842105	  0.000000	  0.105263	  0.052632	
  0.000000	  1.000000	  0.000000	  0.000000	
  0.000000	  0.000000	  1.000000	  0.000000	
  0.000000	  0.000000	  0.000000	  1.000000	
  0.000000	  0.000000	  1.000000	  0.000000	
  0.000000	  1.000000	  0.000000	  0.000000	
  0.000000	  0.947368	  0.000000	  0.052632	
  1.000000	  0.000000	  0.000000	  0.000000	

MOTIF M05942_2.00  E(spl)m7-HLH 

letter-probability matrix: alength= 4 w= 11 nsites= 1 E= 0
  0.000000	  0.055556	  0.888889	  0.055556	
  0.000000	  1.000000	  0.000000	  0.000000	
  0.947368	  0.000000	  0.052632	  0.000000	
  0.000000	  1.000000	  0.000000	  0.000000	
  0.000000	  0.000000	  1.000000	  0.000000	
  0.105263	  0.000000	  0.000000	  0.894737	
  0.000000	  0.000000	  1.000000	  0.000000	
  0.000000	  0.894737	  0.052632	  0.052632	
  0.000000	  0.947368	  0.052632	  0.000000	
  0.894737	  0.052632	  0.052632	  0.000000	
  0.631579	  0.263158	  0.105263	  0.000000	

MOTIF M05943_2.00  Met 

letter-probability matrix: alength= 4 w= 8 nsites= 1 E= 0
  0.000000	  1.000000	  0.000000	  0.000000	
  1.000000	  0.000000	  0.000000	  0.000000	
  0.000000	  1.000000	  0.000000	  0.000000	
  0.000000	  0.000000	  1.000000	  0.000000	
  0.000000	  0.000000	  0.000000	  1.000000	
  0.000000	  0.000000	  1.000000	  0.000000	
  0.000000	  0.071429	  0.214286	  0.714286	
  0.214286	  0.642857	  0.142857	  0.000000	

MOTIF M05944_2.00  Met 

letter-probability matrix: alength= 4 w= 7 nsites= 1 E= 0
  0.450000	  0.450000	  0.100000	  0.000000	
  0.238095	  0.761905	  0.000000	  0.000000	
  1.000000	  0.000000	  0.000000	  0.000000	
  0.000000	  0.952381	  0.000000	  0.047619	
  0.142857	  0.000000	  0.857143	  0.000000	
  0.000000	  0.000000	  0.000000	  1.000000	
  0.000000	  0.000000	  1.000000	  0.000000	

MOTIF M03597_2.00  E(spl)mbeta-HLH 

letter-probability matrix: alength= 4 w= 12 nsites= 1 E= 0
  0.151220	  0.209756	  0.068293	  0.570732	
  0.067568	  0.013514	  0.918919	  0.000000	
  0.105932	  0.021186	  0.864407	  0.008475	
  0.050000	  0.927273	  0.013636	  0.009091	
  0.940092	  0.000000	  0.059908	  0.000000	
  0.027907	  0.948837	  0.000000	  0.023256	
  0.027907	  0.023256	  0.948837	  0.000000	
  0.025862	  0.068966	  0.025862	  0.879310	
  0.018519	  0.004630	  0.944444	  0.032407	
  0.016598	  0.846473	  0.024896	  0.112033	
  0.000000	  0.906667	  0.040000	  0.053333	
  0.529412	  0.049020	  0.274510	  0.147059	

MOTIF M05945_2.00  E(spl)mbeta-HLH 

letter-probability matrix: alength= 4 w= 8 nsites= 1 E= 0
  0.000000	  0.928571	  0.000000	  0.071429	
  0.437500	  0.000000	  0.562500	  0.000000	
  0.000000	  1.000000	  0.000000	  0.000000	
  0.000000	  0.000000	  1.000000	  0.000000	
  0.000000	  0.000000	  0.000000	  1.000000	
  0.000000	  0.000000	  1.000000	  0.000000	
  0.062500	  0.812500	  0.125000	  0.000000	
  0.000000	  0.800000	  0.066667	  0.133333	

MOTIF M03598_2.00  E(spl)mdelta-HLH 

letter-probability matrix: alength= 4 w= 14 nsites= 1 E= 0
  0.255597	  0.042635	  0.202818	  0.498950	
  0.029695	  0.046457	  0.025803	  0.898045	
  0.128165	  0.005179	  0.866300	  0.000355	
  0.054357	  0.016655	  0.908403	  0.020585	
  0.000265	  0.994916	  0.000111	  0.004708	
  0.940458	  0.001656	  0.041391	  0.016495	
  0.000084	  0.999676	  0.000028	  0.000211	
  0.000211	  0.000070	  0.999662	  0.000056	
  0.018457	  0.040824	  0.001642	  0.939077	
  0.004653	  0.000070	  0.994943	  0.000334	
  0.020697	  0.908086	  0.016868	  0.054349	
  0.000191	  0.866643	  0.005057	  0.128109	
  0.897677	  0.027178	  0.046073	  0.029073	
  0.501374	  0.200654	  0.042155	  0.255817	

MOTIF M05946_2.00  E(spl)mdelta-HLH 

letter-probability matrix: alength= 4 w= 9 nsites= 1 E= 0
  0.000000	  1.000000	  0.000000	  0.000000	
  0.739130	  0.000000	  0.260870	  0.000000	
  0.000000	  1.000000	  0.000000	  0.000000	
  0.043478	  0.000000	  0.956522	  0.000000	
  0.086957	  0.130435	  0.000000	  0.782609	
  0.000000	  0.000000	  1.000000	  0.000000	
  0.173913	  0.565217	  0.043478	  0.217391	
  0.000000	  0.913043	  0.000000	  0.086957	
  0.695652	  0.086957	  0.043478	  0.173913	

MOTIF M03599_2.00  E(spl)mgamma-HLH 

letter-probability matrix: alength= 4 w= 14 nsites= 1 E= 0
