MEME version 4

ALPHABET= ACGT

strands: + -

Background letter frequencies (from uniform background):
A 0.25000 C 0.25000 G 0.25000 T 0.25000 

MOTIF 17615_Bcd_SMILE-seq1.0 Bcd

letter-probability matrix: alength= 4 w= 7 nsites= 1 E= 0
  0.207921	  0.267327	  0.099010	  0.425743	
  0.000000	  0.000000	  0.000000	  1.000000	
  1.000000	  0.000000	  0.000000	  0.000000	
  1.000000	  0.000000	  0.000000	  0.000000	
  0.000000	  0.000000	  0.000000	  1.000000	
  0.000000	  1.000000	  0.000000	  0.000000	
  0.000000	  0.720000	  0.000000	  0.280000	

MOTIF 17629_Gsc_SMILE-seq1.0 Gsc

letter-probability matrix: alength= 4 w= 11 nsites= 1 E= 0
  0.040000	  0.000000	  0.000000	  0.960000	
  0.969697	  0.000000	  0.010101	  0.020202	
  1.000000	  0.000000	  0.000000	  0.000000	
  0.000000	  0.020000	  0.000000	  0.980000	
  0.050000	  0.950000	  0.000000	  0.000000	
  0.030000	  0.670000	  0.190000	  0.110000	
  0.130000	  0.200000	  0.440000	  0.230000	
  0.400000	  0.310000	  0.010000	  0.280000	
  0.000000	  0.140000	  0.000000	  0.860000	
  0.450000	  0.060000	  0.050000	  0.440000	
  0.730000	  0.040000	  0.110000	  0.120000	

MOTIF 17630_Gt_SMILE-seq1.0 Gt

letter-probability matrix: alength= 4 w= 11 nsites= 1 E= 0
  0.910000	  0.020000	  0.070000	  0.000000	
  0.000000	  0.000000	  0.000000	  1.000000	
  0.000000	  0.000000	  0.230000	  0.770000	
  0.810000	  0.000000	  0.190000	  0.000000	
  0.000000	  0.930000	  0.000000	  0.070000	
  0.000000	  0.000000	  1.000000	  0.000000	
  0.000000	  0.230000	  0.000000	  0.770000	
  0.930000	  0.070000	  0.000000	  0.000000	
  1.000000	  0.000000	  0.000000	  0.000000	
  0.000000	  0.554455	  0.049505	  0.396040	
  0.606061	  0.303030	  0.090909	  0.000000	

MOTIF 17670_Opa_SMILE-seq1.0 Opa

letter-probability matrix: alength= 4 w= 13 nsites= 1 E= 0
  0.187000	  0.659000	  0.135000	  0.019000	
  0.300000	  0.154000	  0.291000	  0.255000	
  0.016000	  0.924000	  0.001000	  0.059000	
  0.385000	  0.289000	  0.173000	  0.153000	
  0.279000	  0.103000	  0.609000	  0.009000	
  0.013000	  0.730000	  0.018000	  0.239000	
  0.236236	  0.000000	  0.758759	  0.005005	
  0.000999	  0.000999	  0.985015	  0.012987	
  0.000000	  0.000000	  1.000000	  0.000000	
  0.060000	  0.023000	  0.824000	  0.093000	
  0.039000	  0.024000	  0.881000	  0.056000	
  0.055055	  0.009009	  0.843844	  0.092092	
  0.004000	  0.298000	  0.178000	  0.520000	

MOTIF 17694_Sna_SMILE-seq1.0 Sna

letter-probability matrix: alength= 4 w= 13 nsites= 1 E= 0
  0.241000	  0.200000	  0.309000	  0.250000	
  0.128000	  0.324000	  0.264000	  0.284000	
  0.454000	  0.057000	  0.387000	  0.102000	
  0.835000	  0.007000	  0.114000	  0.044000	
  0.005000	  0.984000	  0.006000	  0.005000	
  0.984000	  0.004000	  0.007000	  0.005000	
  0.087000	  0.004000	  0.903000	  0.006000	
  0.005000	  0.004000	  0.986000	  0.005000	
  0.005000	  0.004000	  0.007000	  0.984000	
  0.009990	  0.004995	  0.975025	  0.009990	
  0.042000	  0.455000	  0.184000	  0.319000	
  0.535000	  0.139000	  0.147000	  0.179000	
  0.290000	  0.244000	  0.230000	  0.236000	

MOTIF 17697_Ttk_SMILE-seq1.0 Ttk

letter-probability matrix: alength= 4 w= 10 nsites= 1 E= 0
  0.245754	  0.201798	  0.269730	  0.282717	
  0.324000	  0.317000	  0.115000	  0.244000	
  0.583000	  0.406000	  0.006000	  0.005000	
  0.989011	  0.002997	  0.003996	  0.003996	
  0.003000	  0.003000	  0.991000	  0.003000	
  0.003000	  0.003000	  0.991000	  0.003000	
  0.990000	  0.003000	  0.004000	  0.003000	
  0.003000	  0.483000	  0.004000	  0.510000	
  0.738262	  0.095904	  0.044955	  0.120879	
  0.258000	  0.374000	  0.008000	  0.360000	

