MEME version 4

ALPHABET= ACGT

strands: + -

Background letter frequencies (from uniform background):
A 0.25000 C 0.25000 G 0.25000 T 0.25000 

MOTIF AbdA.mx 

letter-probability matrix: alength= 4 w= 10 nsites= 16 E= 0
  0.090909	  0.272727	  0.090909	  0.545455	
  0.125000	  0.250000	  0.125000	  0.500000	
  0.055556	  0.166667	  0.000000	  0.777778	
  0.000000	  0.000000	  0.000000	  1.000000	
  0.888889	  0.000000	  0.000000	  0.111111	
  1.000000	  0.000000	  0.000000	  0.000000	
  0.055556	  0.000000	  0.000000	  0.944444	
  0.000000	  0.000000	  0.333333	  0.666667	
  0.833333	  0.055556	  0.111111	  0.000000	
  0.142857	  0.857143	  0.000000	  0.000000	

MOTIF AbdB.mx 

letter-probability matrix: alength= 4 w= 10 nsites= 19 E= 0
  0.047619	  0.238095	  0.571429	  0.142857	
  0.285714	  0.047619	  0.095238	  0.571429	
  0.047619	  0.000000	  0.000000	  0.952381	
  0.000000	  0.000000	  0.000000	  1.000000	
  0.238095	  0.000000	  0.000000	  0.761905	
  1.000000	  0.000000	  0.000000	  0.000000	
  0.000000	  0.142857	  0.000000	  0.857143	
  0.142857	  0.000000	  0.523810	  0.333333	
  0.619048	  0.000000	  0.238095	  0.142857	
  0.000000	  0.666667	  0.000000	  0.333333	

MOTIF Achi.mx 

letter-probability matrix: alength= 4 w= 10 nsites= 20 E= 0
  0.428571	  0.071429	  0.357143	  0.142857	
  0.173913	  0.130435	  0.043478	  0.652174	
  0.260870	  0.173913	  0.043478	  0.521739	
  0.000000	  0.000000	  0.000000	  1.000000	
  0.000000	  0.000000	  1.000000	  0.000000	
  1.000000	  0.000000	  0.000000	  0.000000	
  0.000000	  0.956522	  0.000000	  0.043478	
  1.000000	  0.000000	  0.000000	  0.000000	
  0.176471	  0.000000	  0.705882	  0.117647	
  0.083333	  0.666667	  0.250000	  0.000000	

MOTIF Al.mx 

letter-probability matrix: alength= 4 w= 10 nsites= 19 E= 0
  0.076923	  0.230769	  0.384615	  0.307692	
  0.125000	  0.250000	  0.437500	  0.187500	
  0.157895	  0.631579	  0.052632	  0.157895	
  0.000000	  0.000000	  0.000000	  1.000000	
  1.000000	  0.000000	  0.000000	  0.000000	
  1.000000	  0.000000	  0.000000	  0.000000	
  0.000000	  0.000000	  0.000000	  1.000000	
  0.000000	  0.000000	  0.000000	  1.000000	
  0.850000	  0.000000	  0.150000	  0.000000	
  0.900000	  0.000000	  0.100000	  0.000000	

MOTIF Antp.mx 

letter-probability matrix: alength= 4 w= 9 nsites= 16 E= 0
  0.125000	  0.187500	  0.312500	  0.375000	
  0.062500	  0.312500	  0.125000	  0.500000	
  0.062500	  0.062500	  0.000000	  0.875000	
  0.000000	  0.000000	  0.000000	  1.000000	
  1.000000	  0.000000	  0.000000	  0.000000	
  1.000000	  0.000000	  0.000000	  0.000000	
  0.000000	  0.000000	  0.000000	  1.000000	
  0.000000	  0.000000	  0.562500	  0.437500	
  0.937500	  0.000000	  0.062500	  0.000000	

MOTIF Ap.mx 

letter-probability matrix: alength= 4 w= 10 nsites= 18 E= 0
  0.133333	  0.400000	  0.266667	  0.200000	
  0.263158	  0.210526	  0.473684	  0.052632	
  0.105263	  0.526316	  0.000000	  0.368421	
  0.052632	  0.000000	  0.000000	  0.947368	
  1.000000	  0.000000	  0.000000	  0.000000	
  1.000000	  0.000000	  0.000000	  0.000000	
  0.000000	  0.000000	  0.000000	  1.000000	
  0.000000	  0.000000	  0.315789	  0.684211	
  0.842105	  0.000000	  0.157895	  0.000000	
  0.300000	  0.000000	  0.600000	  0.100000	

MOTIF Ara.mx 

letter-probability matrix: alength= 4 w= 8 nsites= 34 E= 0
  0.352941	  0.147059	  0.294118	  0.205882	
  0.470588	  0.205882	  0.176471	  0.147059	
  0.705882	  0.029412	  0.029412	  0.235294	
  0.411765	  0.000000	  0.147059	  0.441176	
  0.676471	  0.000000	  0.000000	  0.323529	
  1.000000	  0.000000	  0.000000	  0.000000	
  0.000000	  1.000000	  0.000000	  0.000000	
  1.000000	  0.000000	  0.000000	  0.000000	

MOTIF Awh.mx 

letter-probability matrix: alength= 4 w= 10 nsites= 36 E= 0
  0.400000	  0.300000	  0.066667	  0.233333	
  0.200000	  0.257143	  0.228571	  0.314286	
  0.075000	  0.400000	  0.000000	  0.525000	
  0.025000	  0.000000	  0.000000	  0.975000	
  0.825000	  0.000000	  0.175000	  0.000000	
  1.000000	  0.000000	  0.000000	  0.000000	
  0.000000	  0.000000	  0.025000	  0.975000	
  0.000000	  0.000000	  0.200000	  0.800000	
  0.850000	  0.000000	  0.100000	  0.050000	
  0.111111	  0.277778	  0.444444	  0.166667	

MOTIF Bap.mx 

letter-probability matrix: alength= 4 w= 10 nsites= 23 E= 0
  0.304348	  0.173913	  0.173913	  0.347826	
  0.043478	  0.391304	  0.217391	  0.347826	
  0.000000	  0.000000	  0.043478	  0.956522	
  0.000000	  0.000000	  0.000000	  1.000000	
  1.000000	  0.000000	  0.000000	  0.000000	
  1.000000	  0.000000	  0.000000	  0.000000	
  0.000000	  0.000000	  1.000000	  0.000000	
  0.043478	  0.000000	  0.000000	  0.956522	
  0.304348	  0.000000	  0.695652	  0.000000	
  0.130435	  0.347826	  0.391304	  0.130435	

MOTIF Bcd.mx 

letter-probability matrix: alength= 4 w= 10 nsites= 21 E= 0
  0.111111	  0.111111	  0.444444	  0.333333	
  0.045455	  0.272727	  0.454545	  0.227273	
  0.136364	  0.227273	  0.136364	  0.500000	
  0.000000	  0.000000	  0.000000	  1.000000	
  0.909091	  0.000000	  0.000000	  0.090909	
  1.000000	  0.000000	  0.000000	  0.000000	
  0.000000	  0.000000	  0.045455	  0.954545	
  0.000000	  1.000000	  0.000000	  0.000000	
  0.000000	  0.954545	  0.000000	  0.045455	
  0.272727	  0.363636	  0.363636	  0.000000	

MOTIF BH1.mx 

letter-probability matrix: alength= 4 w= 10 nsites= 20 E= 0
  0.250000	  0.083333	  0.166667	  0.500000	
  0.047619	  0.238095	  0.571429	  0.142857	
  0.190476	  0.190476	  0.000000	  0.619048	
  0.000000	  0.000000	  0.000000	  1.000000	
  1.000000	  0.000000	  0.000000	  0.000000	
  1.000000	  0.000000	  0.000000	  0.000000	
  0.380952	  0.000000	  0.000000	  0.619048	
  0.047619	  0.333333	  0.000000	  0.619048	
  0.047619	  0.000000	  0.952381	  0.000000	
  0.333333	  0.142857	  0.380952	  0.142857	

MOTIF BH2.mx 

letter-probability matrix: alength= 4 w= 9 nsites= 21 E= 0
  0.095238	  0.333333	  0.333333	  0.238095	
  0.285714	  0.095238	  0.047619	  0.571429	
  0.000000	  0.000000	  0.000000	  1.000000	
  1.000000	  0.000000	  0.000000	  0.000000	
  1.000000	  0.000000	  0.000000	  0.000000	
  0.238095	  0.000000	  0.000000	  0.761905	
  0.142857	  0.047619	  0.095238	  0.714286	
  0.000000	  0.000000	  1.000000	  0.000000	
  0.238095	  0.190476	  0.523810	  0.047619	

MOTIF Bsh.mx 

letter-probability matrix: alength= 4 w= 9 nsites= 16 E= 0
  0.187500	  0.312500	  0.062500	  0.437500	
  0.062500	  0.187500	  0.125000	  0.625000	
  0.000000	  0.000000	  0.000000	  1.000000	
  1.000000	  0.000000	  0.000000	  0.000000	
  1.000000	  0.000000	  0.000000	  0.000000	
  0.000000	  0.062500	  0.000000	  0.937500	
  0.000000	  0.187500	  0.375000	  0.437500	
  0.437500	  0.000000	  0.562500	  0.000000	
  0.187500	  0.187500	  0.562500	  0.062500	

MOTIF Btn.mx 

letter-probability matrix: alength= 4 w= 10 nsites= 21 E= 0
  0.400000	  0.400000	  0.100000	  0.100000	
  0.173913	  0.391304	  0.217391	  0.217391	
  0.217391	  0.043478	  0.173913	  0.565217	
  0.000000	  0.000000	  0.000000	  1.000000	
  0.956522	  0.000000	  0.043478	  0.000000	
  1.000000	  0.000000	  0.000000	  0.000000	
  0.000000	  0.043478	  0.000000	  0.956522	
  0.000000	  0.000000	  0.652174	  0.347826	
  0.826087	  0.000000	  0.130435	  0.043478	
  0.230769	  0.538462	  0.153846	  0.076923	

MOTIF C15.mx 

letter-probability matrix: alength= 4 w= 10 nsites= 17 E= 0
  0.428571	  0.428571	  0.000000	  0.142857	
  0.105263	  0.210526	  0.421053	  0.263158	
  0.052632	  0.052632	  0.000000	  0.894737	
  0.000000	  0.000000	  0.000000	  1.000000	
  0.894737	  0.000000	  0.000000	  0.105263	
  1.000000	  0.000000	  0.000000	  0.000000	
  0.315789	  0.105263	  0.000000	  0.578947	
  0.000000	  0.157895	  0.315789	  0.526316	
  0.526316	  0.000000	  0.473684	  0.000000	
  0.166667	  0.166667	  0.666667	  0.000000	

MOTIF Cad.mx 

letter-probability matrix: alength= 4 w= 10 nsites= 36 E= 0
  0.264706	  0.294118	  0.117647	  0.323529	
  0.315789	  0.157895	  0.105263	  0.421053	
  0.078947	  0.078947	  0.078947	  0.763158	
  0.105263	  0.000000	  0.000000	  0.894737	
  0.315789	  0.000000	  0.052632	  0.631579	
  1.000000	  0.000000	  0.000000	  0.000000	
  0.000000	  0.000000	  0.000000	  1.000000	
  0.105263	  0.000000	  0.184211	  0.710526	
  0.578947	  0.000000	  0.394737	  0.026316	
  0.050000	  0.400000	  0.500000	  0.050000	

MOTIF Caup.mx 

letter-probability matrix: alength= 4 w= 8 nsites= 19 E= 0
  0.210526	  0.473684	  0.105263	  0.210526	
  0.473684	  0.000000	  0.157895	  0.368421	
  0.421053	  0.000000	  0.210526	  0.368421	
  0.210526	  0.052632	  0.105263	  0.631579	
  0.736842	  0.000000	  0.105263	  0.157895	
  1.000000	  0.000000	  0.000000	  0.000000	
  0.000000	  1.000000	  0.000000	  0.000000	
  1.000000	  0.000000	  0.000000	  0.000000	

MOTIF CG11085.mx 

letter-probability matrix: alength= 4 w= 9 nsites= 13 E= 0
  0.153846	  0.307692	  0.153846	  0.384615	
  0.000000	  0.230769	  0.000000	  0.769231	
  0.000000	  0.000000	  0.000000	  1.000000	
  1.000000	  0.000000	  0.000000	  0.000000	
  1.000000	  0.000000	  0.000000	  0.000000	
  0.076923	  0.000000	  0.000000	  0.923077	
  0.153846	  0.076923	  0.153846	  0.615385	
  0.076923	  0.000000	  0.923077	  0.000000	
  0.153846	  0.307692	  0.461538	  0.076923	

MOTIF CG11294.mx 

letter-probability matrix: alength= 4 w= 10 nsites= 14 E= 0
  0.666667	  0.000000	  0.000000	  0.333333	
  0.500000	  0.142857	  0.142857	  0.214286	
  0.000000	  0.200000	  0.000000	  0.800000	
  0.000000	  0.133333	  0.000000	  0.866667	
  1.000000	  0.000000	  0.000000	  0.000000	
  1.000000	  0.000000	  0.000000	  0.000000	
  0.000000	  0.000000	  0.000000	  1.000000	
  0.000000	  0.000000	  0.000000	  1.000000	
  1.000000	  0.000000	  0.000000	  0.000000	
  0.076923	  0.000000	  0.769231	  0.153846	

MOTIF CG11617.mx 

letter-probability matrix: alength= 4 w= 9 nsites= 15 E= 0
  0.411765	  0.000000	  0.176471	  0.411765	
  0.117647	  0.000000	  0.058824	  0.823529	
  0.058824	  0.000000	  0.000000	  0.941176	
  0.000000	  0.000000	  0.000000	  1.000000	
  0.588235	  0.000000	  0.176471	  0.235294	
  1.000000	  0.000000	  0.000000	  0.000000	
  0.000000	  1.000000	  0.000000	  0.000000	
  1.000000	  0.000000	  0.000000	  0.000000	
  0.000000	  0.000000	  0.000000	  1.000000	

MOTIF CG12361.mx 

letter-probability matrix: alength= 4 w= 10 nsites= 15 E= 0
  0.285714	  0.214286	  0.214286	  0.285714	
  0.125000	  0.125000	  0.187500	  0.562500	
  0.125000	  0.000000	  0.000000	  0.875000	
  0.125000	  0.000000	  0.000000	  0.875000	
  0.375000	  0.000000	  0.125000	  0.500000	
  1.000000	  0.000000	  0.000000	  0.000000	
  0.000000	  0.000000	  0.000000	  1.000000	
  0.000000	  0.125000	  0.375000	  0.500000	
  0.812500	  0.000000	  0.187500	  0.000000	
  0.000000	  0.666667	  0.333333	  0.000000	

MOTIF CG13424.mx 

letter-probability matrix: alength= 4 w= 10 nsites= 20 E= 0
  0.125000	  0.062500	  0.437500	  0.375000	
  0.285714	  0.238095	  0.190476	  0.285714	
  0.095238	  0.333333	  0.047619	  0.523810	
  0.000000	  0.000000	  0.000000	  1.000000	
  1.000000	  0.000000	  0.000000	  0.000000	
  1.000000	  0.000000	  0.000000	  0.000000	
  0.000000	  0.000000	  0.000000	  1.000000	
  0.142857	  0.000000	  0.190476	  0.666667	
  0.380952	  0.000000	  0.619048	  0.000000	
  0.142857	  0.214286	  0.500000	  0.142857	

MOTIF CG15696.mx 

letter-probability matrix: alength= 4 w= 10 nsites= 29 E= 0
  0.000000	  0.500000	  0.333333	  0.166667	
  0.093750	  0.218750	  0.250000	  0.437500	
  0.062500	  0.093750	  0.093750	  0.750000	
  0.062500	  0.093750	  0.000000	  0.843750	
  0.656250	  0.000000	  0.187500	  0.156250	
  1.000000	  0.000000	  0.000000	  0.000000	
  0.000000	  0.000000	  0.000000	  1.000000	
  0.000000	  0.000000	  0.062500	  0.937500	
  0.500000	  0.000000	  0.500000	  0.000000	
  0.250000	  0.178571	  0.535714	  0.035714	

MOTIF CG18599.mx 

letter-probability matrix: alength= 4 w= 10 nsites= 22 E= 0
  0.190476	  0.428571	  0.142857	  0.238095	
  0.272727	  0.227273	  0.272727	  0.227273	
  0.160000	  0.400000	  0.040000	  0.400000	
  0.000000	  0.000000	  0.000000	  1.000000	
  1.000000	  0.000000	  0.000000	  0.000000	
  1.000000	  0.000000	  0.000000	  0.000000	
  0.000000	  0.000000	  0.000000	  1.000000	
  0.000000	  0.040000	  0.320000	  0.640000	
  0.920000	  0.000000	  0.080000	  0.000000	
  0.400000	  0.200000	  0.400000	  0.000000	

MOTIF CG32105.mx 

letter-probability matrix: alength= 4 w= 10 nsites= 18 E= 0
  0.142857	  0.285714	  0.285714	  0.285714	
  0.473684	  0.052632	  0.000000	  0.473684	
  0.105263	  0.210526	  0.000000	  0.684211	
  0.105263	  0.000000	  0.000000	  0.894737	
  0.894737	  0.000000	  0.000000	  0.105263	
  1.000000	  0.000000	  0.000000	  0.000000	
  0.000000	  0.000000	  0.052632	  0.947368	
  0.000000	  0.000000	  0.052632	  0.947368	
  0.789474	  0.000000	  0.210526	  0.000000	
  0.315789	  0.210526	  0.473684	  0.000000	

MOTIF CG32532.mx 

letter-probability matrix: alength= 4 w= 10 nsites= 21 E= 0
  0.375000	  0.125000	  0.125000	  0.375000	
  0.181818	  0.272727	  0.318182	  0.227273	
  0.086957	  0.260870	  0.086957	  0.565217	
  0.000000	  0.000000	  0.000000	  1.000000	
  1.000000	  0.000000	  0.000000	  0.000000	
  1.000000	  0.000000	  0.000000	  0.000000	
  0.000000	  0.000000	  0.000000	  1.000000	
  0.000000	  0.000000	  0.086957	  0.913043	
  0.521739	  0.000000	  0.434783	  0.043478	
  0.250000	  0.150000	  0.450000	  0.150000	

MOTIF CG33980.mx 

letter-probability matrix: alength= 4 w= 9 nsites= 13 E= 0
  0.076923	  0.076923	  0.384615	  0.461538	
  0.153846	  0.153846	  0.000000	  0.692308	
  0.000000	  0.000000	  0.000000	  1.000000	
  1.000000	  0.000000	  0.000000	  0.000000	
  1.000000	  0.000000	  0.000000	  0.000000	
  0.000000	  0.000000	  0.000000	  1.000000	
  0.000000	  0.000000	  0.000000	  1.000000	
  0.769231	  0.000000	  0.230769	  0.000000	
  0.076923	  0.153846	  0.769231	  0.000000	

MOTIF CG34031.mx 

letter-probability matrix: alength= 4 w= 10 nsites= 23 E= 0
  0.000000	  0.300000	  0.300000	  0.400000	
  0.080000	  0.160000	  0.160000	  0.600000	
  0.000000	  0.040000	  0.040000	  0.920000	
  0.000000	  0.000000	  0.000000	  1.000000	
  0.880000	  0.000000	  0.000000	  0.120000	
  1.000000	  0.000000	  0.000000	  0.000000	
  0.080000	  0.000000	  0.000000	  0.920000	
  0.280000	  0.000000	  0.040000	  0.680000	
  0.120000	  0.000000	  0.880000	  0.000000	
  0.142857	  0.285714	  0.238095	  0.333333	

MOTIF CG4136.mx 

letter-probability matrix: alength= 4 w= 10 nsites= 20 E= 0
  0.333333	  0.222222	  0.333333	  0.111111	
  0.142857	  0.380952	  0.238095	  0.238095	
  0.045455	  0.363636	  0.045455	  0.545455	
  0.000000	  0.000000	  0.000000	  1.000000	
  1.000000	  0.000000	  0.000000	  0.000000	
  1.000000	  0.000000	  0.000000	  0.000000	
  0.000000	  0.000000	  0.000000	  1.000000	
  0.090909	  0.000000	  0.136364	  0.772727	
  0.681818	  0.000000	  0.272727	  0.045455	
  0.230769	  0.153846	  0.307692	  0.307692	

MOTIF CG4328.mx 

letter-probability matrix: alength= 4 w= 10 nsites= 28 E= 0
  0.176471	  0.294118	  0.058824	  0.470588	
  0.400000	  0.200000	  0.133333	  0.266667	
  0.400000	  0.066667	  0.100000	  0.433333	
  0.233333	  0.033333	  0.000000	  0.733333	
  0.433333	  0.000000	  0.000000	  0.566667	
  1.000000	  0.000000	  0.000000	  0.000000	
  0.000000	  0.000000	  0.000000	  1.000000	
  0.000000	  0.000000	  0.200000	  0.800000	
  0.500000	  0.000000	  0.500000	  0.000000	
  0.400000	  0.320000	  0.200000	  0.080000	

MOTIF CG7056.mx 

letter-probability matrix: alength= 4 w= 10 nsites= 24 E= 0
  0.400000	  0.160000	  0.160000	  0.280000	
  0.269231	  0.115385	  0.076923	  0.538462	
  0.000000	  0.269231	  0.000000	  0.730769	
  0.000000	  0.230769	  0.269231	  0.500000	
  0.807692	  0.000000	  0.076923	  0.115385	
  1.000000	  0.000000	  0.000000	  0.000000	
  0.000000	  0.115385	  0.115385	  0.769231	
  0.269231	  0.000000	  0.038462	  0.692308	
  0.846154	  0.000000	  0.153846	  0.000000	
  0.000000	  1.000000	  0.000000	  0.000000	

MOTIF CG9876.mx 

letter-probability matrix: alength= 4 w= 10 nsites= 18 E= 0
  0.000000	  0.428571	  0.142857	  0.428571	
  0.550000	  0.100000	  0.200000	  0.150000	
  0.100000	  0.450000	  0.150000	  0.300000	
  0.000000	  0.000000	  0.000000	  1.000000	
  0.900000	  0.000000	  0.000000	  0.100000	
  1.000000	  0.000000	  0.000000	  0.000000	
  0.000000	  0.000000	  0.000000	  1.000000	
  0.000000	  0.000000	  0.050000	  0.950000	
  0.700000	  0.000000	  0.300000	  0.000000	
  0.411765	  0.117647	  0.294118	  0.176471	

MOTIF Ct.mx 

letter-probability matrix: alength= 4 w= 8 nsites= 20 E= 0
  0.150000	  0.150000	  0.350000	  0.350000	
  0.150000	  0.400000	  0.300000	  0.150000	
  0.000000	  0.300000	  0.000000	  0.700000	
  0.050000	  0.100000	  0.000000	  0.850000	
  0.450000	  0.000000	  0.550000	  0.000000	
  1.000000	  0.000000	  0.000000	  0.000000	
  0.850000	  0.000000	  0.050000	  0.100000	
  0.000000	  0.950000	  0.050000	  0.000000	

MOTIF Dfd.mx 

letter-probability matrix: alength= 4 w= 10 nsites= 22 E= 0
  0.181818	  0.181818	  0.272727	  0.363636	
  0.333333	  0.375000	  0.166667	  0.125000	
  0.041667	  0.166667	  0.125000	  0.666667	
  0.000000	  0.000000	  0.000000	  1.000000	
  1.000000	  0.000000	  0.000000	  0.000000	
  1.000000	  0.000000	  0.000000	  0.000000	
  0.000000	  0.000000	  0.000000	  1.000000	
  0.041667	  0.000000	  0.791667	  0.166667	
  0.875000	  0.000000	  0.125000	  0.000000	
  0.142857	  0.357143	  0.285714	  0.214286	

MOTIF Dll.mx 

letter-probability matrix: alength= 4 w= 10 nsites= 20 E= 0
  0.000000	  0.000000	  0.500000	  0.500000	
  0.133333	  0.266667	  0.200000	  0.400000	
  0.263158	  0.315789	  0.157895	  0.263158	
  0.043478	  0.000000	  0.000000	  0.956522	
  0.956522	  0.000000	  0.043478	  0.000000	
  1.000000	  0.000000	  0.000000	  0.000000	
  0.000000	  0.000000	  0.000000	  1.000000	
  0.130435	  0.000000	  0.130435	  0.739130	
  0.434783	  0.000000	  0.391304	  0.173913	
  0.043478	  0.521739	  0.173913	  0.260870	

MOTIF Dr.mx 

letter-probability matrix: alength= 4 w= 9 nsites= 21 E= 0
  0.190476	  0.380952	  0.428571	  0.000000	
  0.523810	  0.095238	  0.190476	  0.190476	
  0.047619	  0.619048	  0.285714	  0.047619	
  0.000000	  0.761905	  0.000000	  0.238095	
  1.000000	  0.000000	  0.000000	  0.000000	
  1.000000	  0.000000	  0.000000	  0.000000	
  0.000000	  0.000000	  0.000000	  1.000000	
  0.000000	  0.000000	  0.000000	  1.000000	
  1.000000	  0.000000	  0.000000	  0.000000	

MOTIF E5.mx 

letter-probability matrix: alength= 4 w= 10 nsites= 39 E= 0
  0.243243	  0.243243	  0.297297	  0.216216	
  0.255814	  0.209302	  0.279070	  0.255814	
  0.116279	  0.348837	  0.139535	  0.395349	
  0.069767	  0.000000	  0.000000	  0.930233	
  1.000000	  0.000000	  0.000000	  0.000000	
  0.976744	  0.000000	  0.000000	  0.023256	
  0.023256	  0.000000	  0.023256	  0.953488	
  0.116279	  0.000000	  0.372093	  0.511628	
  0.790698	  0.000000	  0.209302	  0.000000	
  0.666667	  0.083333	  0.166667	  0.083333	

MOTIF Ems.mx 

letter-probability matrix: alength= 4 w= 10 nsites= 19 E= 0
  0.076923	  0.615385	  0.153846	  0.153846	
  0.400000	  0.050000	  0.100000	  0.450000	
  0.150000	  0.350000	  0.050000	  0.450000	
  0.150000	  0.000000	  0.000000	  0.850000	
  0.950000	  0.000000	  0.000000	  0.050000	
  0.950000	  0.000000	  0.050000	  0.000000	
  0.000000	  0.000000	  0.000000	  1.000000	
  0.000000	  0.050000	  0.500000	  0.450000	
  0.700000	  0.000000	  0.300000	  0.000000	
  0.333333	  0.166667	  0.500000	  0.000000	

MOTIF En.mx 

letter-probability matrix: alength= 4 w= 10 nsites= 21 E= 0
  0.150000	  0.250000	  0.300000	  0.300000	
  0.130435	  0.130435	  0.521739	  0.217391	
  0.086957	  0.347826	  0.086957	  0.478261	
  0.000000	  0.000000	  0.000000	  1.000000	
  1.000000	  0.000000	  0.000000	  0.000000	
  1.000000	  0.000000	  0.000000	  0.000000	
  0.000000	  0.000000	  0.000000	  1.000000	
  0.000000	  0.000000	  0.086957	  0.913043	
  0.565217	  0.000000	  0.434783	  0.000000	
  0.400000	  0.100000	  0.500000	  0.000000	

MOTIF Eve.mx 

letter-probability matrix: alength= 4 w= 10 nsites= 20 E= 0
  0.142857	  0.071429	  0.285714	  0.500000	
  0.272727	  0.045455	  0.409091	  0.272727	
  0.136364	  0.454545	  0.000000	  0.409091	
  0.045455	  0.000000	  0.000000	  0.954545	
  1.000000	  0.000000	  0.000000	  0.000000	
  1.000000	  0.000000	  0.000000	  0.000000	
  0.000000	  0.090909	  0.045455	  0.863636	
  0.000000	  0.090909	  0.500000	  0.409091	
  0.772727	  0.000000	  0.181818	  0.045455	
  0.307692	  0.307692	  0.307692	  0.076923	

MOTIF Exd.mx 

letter-probability matrix: alength= 4 w= 9 nsites= 16 E= 0
  0.235294	  0.235294	  0.235294	  0.294118	
  0.058824	  0.000000	  0.117647	  0.823529	
  0.000000	  0.000000	  0.000000	  1.000000	
  0.000000	  0.000000	  0.000000	  1.000000	
  0.000000	  0.000000	  1.000000	  0.000000	
  1.000000	  0.000000	  0.000000	  0.000000	
  0.000000	  0.705882	  0.000000	  0.294118	
  0.647059	  0.000000	  0.352941	  0.000000	
  0.555556	  0.000000	  0.111111	  0.333333	

MOTIF Exex.mx 

letter-probability matrix: alength= 4 w= 10 nsites= 21 E= 0
  0.230769	  0.230769	  0.461538	  0.076923	
  0.227273	  0.136364	  0.318182	  0.318182	
  0.000000	  0.304348	  0.434783	  0.260870	
  0.000000	  0.000000	  0.000000	  1.000000	
  1.000000	  0.000000	  0.000000	  0.000000	
  1.000000	  0.000000	  0.000000	  0.000000	
  0.000000	  0.000000	  0.000000	  1.000000	
  0.043478	  0.043478	  0.000000	  0.913043	
  0.869565	  0.000000	  0.130435	  0.000000	
  0.400000	  0.200000	  0.333333	  0.066667	

MOTIF Ftz.mx 

letter-probability matrix: alength= 4 w= 10 nsites= 16 E= 0
  0.125000	  0.062500	  0.250000	  0.562500	
  0.166667	  0.277778	  0.444444	  0.111111	
  0.055556	  0.111111	  0.000000	  0.833333	
  0.055556	  0.000000	  0.000000	  0.944444	
  1.000000	  0.000000	  0.000000	  0.000000	
  1.000000	  0.000000	  0.000000	  0.000000	
  0.000000	  0.000000	  0.000000	  1.000000	
  0.000000	  0.000000	  0.500000	  0.500000	
  0.777778	  0.000000	  0.222222	  0.000000	
  0.000000	  0.000000	  0.500000	  0.500000	

MOTIF Gsc.mx 

letter-probability matrix: alength= 4 w= 10 nsites= 20 E= 0
  0.076923	  0.384615	  0.076923	  0.461538	
  0.363636	  0.363636	  0.227273	  0.045455	
  0.181818	  0.227273	  0.181818	  0.409091	
  0.000000	  0.000000	  0.000000	  1.000000	
  1.000000	  0.000000	  0.000000	  0.000000	
  1.000000	  0.000000	  0.000000	  0.000000	
  0.000000	  0.000000	  0.000000	  1.000000	
  0.000000	  1.000000	  0.000000	  0.000000	
  0.000000	  0.636364	  0.090909	  0.272727	
  0.133333	  0.266667	  0.266667	  0.333333	

MOTIF H2.mx 

letter-probability matrix: alength= 4 w= 10 nsites= 32 E= 0
  0.290323	  0.290323	  0.193548	  0.225806	
  0.156250	  0.187500	  0.375000	  0.281250	
  0.187500	  0.093750	  0.125000	  0.593750	
  0.062500	  0.031250	  0.000000	  0.906250	
  0.500000	  0.031250	  0.031250	  0.437500	
  0.968750	  0.000000	  0.000000	  0.031250	
  0.000000	  0.000000	  0.000000	  1.000000	
  0.250000	  0.000000	  0.281250	  0.468750	
  0.750000	  0.000000	  0.218750	  0.031250	
  0.551724	  0.137931	  0.172414	  0.137931	

MOTIF Hbn.mx 

letter-probability matrix: alength= 4 w= 10 nsites= 16 E= 0
  0.000000	  0.500000	  0.500000	  0.000000	
  0.352941	  0.235294	  0.058824	  0.352941	
  0.117647	  0.117647	  0.117647	  0.647059	
  0.000000	  0.000000	  0.000000	  1.000000	
  1.000000	  0.000000	  0.000000	  0.000000	
  1.000000	  0.000000	  0.000000	  0.000000	
  0.000000	  0.000000	  0.000000	  1.000000	
  0.000000	  0.000000	  0.000000	  1.000000	
  0.529412	  0.000000	  0.411765	  0.058824	
  0.500000	  0.062500	  0.250000	  0.187500	

MOTIF Hgtx.mx 

letter-probability matrix: alength= 4 w= 10 nsites= 18 E= 0
  0.363636	  0.181818	  0.090909	  0.363636	
  0.200000	  0.050000	  0.250000	  0.500000	
  0.200000	  0.100000	  0.150000	  0.550000	
  0.000000	  0.000000	  0.000000	  1.000000	
  1.000000	  0.000000	  0.000000	  0.000000	
  1.000000	  0.000000	  0.000000	  0.000000	
  0.000000	  0.000000	  0.000000	  1.000000	
  0.050000	  0.000000	  0.300000	  0.650000	
  0.750000	  0.000000	  0.250000	  0.000000	
  0.400000	  0.200000	  0.400000	  0.000000	

MOTIF Hmx.mx 

letter-probability matrix: alength= 4 w= 10 nsites= 18 E= 0
  0.375000	  0.312500	  0.062500	  0.250000	
  0.166667	  0.333333	  0.333333	  0.166667	
  0.050000	  0.150000	  0.000000	  0.800000	
  0.000000	  0.000000	  0.000000	  1.000000	
  1.000000	  0.000000	  0.000000	  0.000000	
  1.000000	  0.000000	  0.000000	  0.000000	
  0.050000	  0.000000	  0.000000	  0.950000	
  0.000000	  0.150000	  0.000000	  0.850000	
  0.200000	  0.000000	  0.800000	  0.000000	
  0.000000	  0.666667	  0.333333	  0.000000	

MOTIF Hth.mx 

letter-probability matrix: alength= 4 w= 10 nsites= 15 E= 0
  0.250000	  0.500000	  0.083333	  0.166667	
  0.176471	  0.176471	  0.235294	  0.411765	
  0.235294	  0.117647	  0.352941	  0.294118	
  0.000000	  0.000000	  0.000000	  1.000000	
  0.000000	  0.000000	  1.000000	  0.000000	
  1.000000	  0.000000	  0.000000	  0.000000	
  0.000000	  1.000000	  0.000000	  0.000000	
  0.823529	  0.000000	  0.176471	  0.000000	
  0.000000	  0.000000	  0.666667	  0.333333	
  0.166667	  0.333333	  0.333333	  0.166667	

MOTIF Ind.mx 

letter-probability matrix: alength= 4 w= 10 nsites= 20 E= 0
  0.047619	  0.428571	  0.095238	  0.428571	
  0.428571	  0.190476	  0.285714	  0.095238	
  0.000000	  0.571429	  0.000000	  0.428571	
  0.000000	  0.000000	  0.000000	  1.000000	
  1.000000	  0.000000	  0.000000	  0.000000	
  1.000000	  0.000000	  0.000000	  0.000000	
  0.000000	  0.000000	  0.047619	  0.952381	
  0.000000	  0.000000	  0.380952	  0.619048	
  0.904762	  0.000000	  0.095238	  0.000000	
  0.000000	  0.571429	  0.428571	  0.000000	

MOTIF Inv.mx 

letter-probability matrix: alength= 4 w= 10 nsites= 15 E= 0
  0.181818	  0.272727	  0.090909	  0.454545	
  0.250000	  0.000000	  0.187500	  0.562500	
  0.062500	  0.562500	  0.000000	  0.375000	
  0.000000	  0.000000	  0.000000	  1.000000	
  1.000000	  0.000000	  0.000000	  0.000000	
  1.000000	  0.000000	  0.000000	  0.000000	
  0.000000	  0.000000	  0.000000	  1.000000	
  0.000000	  0.000000	  0.000000	  1.000000	
  0.687500	  0.000000	  0.312500	  0.000000	
  0.357143	  0.214286	  0.285714	  0.142857	

MOTIF Lab.mx 

letter-probability matrix: alength= 4 w= 10 nsites= 14 E= 0
  0.272727	  0.181818	  0.181818	  0.363636	
  0.266667	  0.266667	  0.333333	  0.133333	
  0.062500	  0.187500	  0.000000	  0.750000	
  0.000000	  0.000000	  0.000000	  1.000000	
  1.000000	  0.000000	  0.000000	  0.000000	
  1.000000	  0.000000	  0.000000	  0.000000	
  0.062500	  0.000000	  0.000000	  0.937500	
  0.000000	  0.000000	  0.375000	  0.625000	
  1.000000	  0.000000	  0.000000	  0.000000	
  0.200000	  0.400000	  0.200000	  0.200000	

MOTIF Lbe.mx 

letter-probability matrix: alength= 4 w= 10 nsites= 20 E= 0
  0.200000	  0.400000	  0.300000	  0.100000	
  0.136364	  0.227273	  0.409091	  0.227273	
  0.181818	  0.272727	  0.090909	  0.454545	
  0.000000	  0.000000	  0.000000	  1.000000	
  1.000000	  0.000000	  0.000000	  0.000000	
  1.000000	  0.000000	  0.000000	  0.000000	
  0.045455	  0.454545	  0.090909	  0.409091	
  0.181818	  0.227273	  0.136364	  0.454545	
  0.863636	  0.000000	  0.136364	  0.000000	
  0.153846	  0.153846	  0.615385	  0.076923	

MOTIF Lbl.mx 

letter-probability matrix: alength= 4 w= 10 nsites= 21 E= 0
  0.125000	  0.125000	  0.500000	  0.250000	
  0.217391	  0.217391	  0.478261	  0.086957	
  0.217391	  0.434783	  0.000000	  0.347826	
  0.000000	  0.000000	  0.000000	  1.000000	
  1.000000	  0.000000	  0.000000	  0.000000	
  1.000000	  0.000000	  0.000000	  0.000000	
  0.000000	  0.217391	  0.000000	  0.782609	
  0.043478	  0.130435	  0.304348	  0.521739	
  0.739130	  0.000000	  0.260870	  0.000000	
  0.200000	  0.066667	  0.600000	  0.133333	

MOTIF Lim1.mx 

letter-probability matrix: alength= 4 w= 10 nsites= 15 E= 0
  0.500000	  0.000000	  0.000000	  0.500000	
  0.444444	  0.000000	  0.333333	  0.222222	
  0.000000	  0.111111	  0.000000	  0.888889	
  0.000000	  0.000000	  0.000000	  1.000000	
  1.000000	  0.000000	  0.000000	  0.000000	
  1.000000	  0.000000	  0.000000	  0.000000	
  0.000000	  0.000000	  0.000000	  1.000000	
  0.000000	  0.000000	  0.000000	  1.000000	
  0.944444	  0.000000	  0.055556	  0.000000	
  0.176471	  0.176471	  0.470588	  0.176471	

MOTIF Lim3.mx 

letter-probability matrix: alength= 4 w= 10 nsites= 19 E= 0
  0.300000	  0.100000	  0.300000	  0.300000	
  0.400000	  0.250000	  0.100000	  0.250000	
  0.150000	  0.350000	  0.100000	  0.400000	
  0.200000	  0.000000	  0.000000	  0.800000	
  0.800000	  0.000000	  0.150000	  0.050000	
  1.000000	  0.000000	  0.000000	  0.000000	
  0.000000	  0.000000	  0.000000	  1.000000	
  0.000000	  0.100000	  0.200000	  0.700000	
  0.800000	  0.000000	  0.200000	  0.000000	
  0.666667	  0.000000	  0.200000	  0.133333	

MOTIF Mirr.mx 

letter-probability matrix: alength= 4 w= 8 nsites= 41 E= 0
  0.439024	  0.146341	  0.146341	  0.268293	
  0.439024	  0.097561	  0.243902	  0.219512	
  0.536585	  0.170732	  0.146341	  0.146341	
  0.487805	  0.024390	  0.024390	  0.463415	
  0.707317	  0.000000	  0.048780	  0.243902	
  1.000000	  0.000000	  0.000000	  0.000000	
  0.000000	  1.000000	  0.000000	  0.000000	
  1.000000	  0.000000	  0.000000	  0.000000	

MOTIF NK7.mx 

letter-probability matrix: alength= 4 w= 10 nsites= 32 E= 0
  0.400000	  0.200000	  0.200000	  0.200000	
  0.371429	  0.257143	  0.142857	  0.228571	
  0.142857	  0.142857	  0.028571	  0.685714	
  0.000000	  0.000000	  0.000000	  1.000000	
  0.942857	  0.000000	  0.057143	  0.000000	
  1.000000	  0.000000	  0.000000	  0.000000	
  0.114286	  0.000000	  0.142857	  0.742857	
  0.171429	  0.000000	  0.200000	  0.628571	
  0.371429	  0.000000	  0.628571	  0.000000	
  0.187500	  0.312500	  0.250000	  0.250000	

MOTIF Oc.mx 

letter-probability matrix: alength= 4 w= 10 nsites= 17 E= 0
  0.333333	  0.333333	  0.166667	  0.166667	
  0.222222	  0.388889	  0.222222	  0.166667	
  0.263158	  0.105263	  0.052632	  0.578947	
  0.000000	  0.000000	  0.000000	  1.000000	
  1.000000	  0.000000	  0.000000	  0.000000	
  1.000000	  0.000000	  0.000000	  0.000000	
  0.000000	  0.000000	  0.105263	  0.894737	
  0.000000	  1.000000	  0.000000	  0.000000	
  0.000000	  0.894737	  0.052632	  0.052632	
  0.200000	  0.266667	  0.266667	  0.266667	

MOTIF Oct.mx 

letter-probability matrix: alength= 4 w= 10 nsites= 20 E= 0
  0.277778	  0.333333	  0.222222	  0.166667	
  0.090909	  0.181818	  0.318182	  0.409091	
  0.363636	  0.136364	  0.000000	  0.500000	
  0.045455	  0.000000	  0.000000	  0.954545	
  1.000000	  0.000000	  0.000000	  0.000000	
  1.000000	  0.000000	  0.000000	  0.000000	
  0.000000	  0.000000	  0.000000	  1.000000	
  0.090909	  0.136364	  0.272727	  0.500000	
  0.681818	  0.045455	  0.045455	  0.227273	
  0.000000	  0.200000	  0.800000	  0.000000	

MOTIF Odsh.mx 

letter-probability matrix: alength= 4 w= 10 nsites= 20 E= 0
  0.454545	  0.181818	  0.000000	  0.363636	
  0.181818	  0.272727	  0.272727	  0.272727	
  0.000000	  0.500000	  0.181818	  0.318182	
  0.000000	  0.000000	  0.000000	  1.000000	
  1.000000	  0.000000	  0.000000	  0.000000	
  1.000000	  0.000000	  0.000000	  0.000000	
  0.000000	  0.000000	  0.000000	  1.000000	
  0.000000	  0.000000	  0.000000	  1.000000	
  0.590909	  0.000000	  0.363636	  0.045455	
  0.500000	  0.250000	  0.062500	  0.187500	

MOTIF onecut.mx 

letter-probability matrix: alength= 4 w= 10 nsites= 14 E= 0
  0.250000	  0.375000	  0.000000	  0.375000	
  0.266667	  0.266667	  0.266667	  0.200000	
  0.066667	  0.133333	  0.000000	  0.800000	
  0.000000	  0.000000	  0.000000	  1.000000	
  0.000000	  0.000000	  1.000000	  0.000000	
  1.000000	  0.000000	  0.000000	  0.000000	
  0.000000	  0.000000	  0.000000	  1.000000	
  0.000000	  0.000000	  0.000000	  1.000000	
  0.333333	  0.000000	  0.266667	  0.400000	
  0.272727	  0.181818	  0.545455	  0.000000	

MOTIF Optix.mx 

letter-probability matrix: alength= 4 w= 8 nsites= 27 E= 0
  0.444444	  0.148148	  0.074074	  0.333333	
  0.481481	  0.148148	  0.111111	  0.259259	
  0.148148	  0.148148	  0.592593	  0.111111	
  0.000000	  0.185185	  0.000000	  0.814815	
  0.000000	  0.000000	  1.000000	  0.000000	
  1.000000	  0.000000	  0.000000	  0.000000	
  0.000000	  0.000000	  0.000000	  1.000000	
  0.962963	  0.000000	  0.037037	  0.000000	

MOTIF Otp.mx 

letter-probability matrix: alength= 4 w= 10 nsites= 19 E= 0
  0.153846	  0.384615	  0.307692	  0.153846	
  0.150000	  0.200000	  0.100000	  0.550000	
  0.050000	  0.300000	  0.100000	  0.550000	
  0.000000	  0.050000	  0.000000	  0.950000	
  1.000000	  0.000000	  0.000000	  0.000000	
  1.000000	  0.000000	  0.000000	  0.000000	
  0.000000	  0.000000	  0.000000	  1.000000	
  0.000000	  0.050000	  0.200000	  0.750000	
  0.750000	  0.000000	  0.150000	  0.100000	
  0.500000	  0.071429	  0.285714	  0.142857	

MOTIF Pb.mx 

letter-probability matrix: alength= 4 w= 10 nsites= 22 E= 0
  0.111111	  0.222222	  0.222222	  0.444444	
  0.125000	  0.125000	  0.416667	  0.333333	
  0.166667	  0.375000	  0.000000	  0.458333	
  0.000000	  0.000000	  0.000000	  1.000000	
  1.000000	  0.000000	  0.000000	  0.000000	
  1.000000	  0.000000	  0.000000	  0.000000	
  0.000000	  0.000000	  0.000000	  1.000000	
  0.000000	  0.000000	  0.458333	  0.541667	
  1.000000	  0.000000	  0.000000	  0.000000	
  0.133333	  0.600000	  0.200000	  0.066667	

MOTIF PhdP.mx 

letter-probability matrix: alength= 4 w= 10 nsites= 15 E= 0
  0.285714	  0.142857	  0.428571	  0.142857	
  0.250000	  0.375000	  0.250000	  0.125000	
  0.235294	  0.352941	  0.000000	  0.411765	
  0.000000	  0.000000	  0.000000	  1.000000	
  0.941176	  0.000000	  0.000000	  0.058824	
  1.000000	  0.000000	  0.000000	  0.000000	
  0.000000	  0.000000	  0.000000	  1.000000	
  0.058824	  0.000000	  0.058824	  0.882353	
  0.470588	  0.058824	  0.235294	  0.235294	
  0.272727	  0.181818	  0.363636	  0.181818	

MOTIF Pph13.mx 

letter-probability matrix: alength= 4 w= 10 nsites= 19 E= 0
  0.285714	  0.142857	  0.142857	  0.428571	
  0.476190	  0.190476	  0.142857	  0.190476	
  0.285714	  0.380952	  0.142857	  0.190476	
  0.000000	  0.000000	  0.000000	  1.000000	
  1.000000	  0.000000	  0.000000	  0.000000	
  1.000000	  0.000000	  0.000000	  0.000000	
  0.000000	  0.000000	  0.000000	  1.000000	
  0.000000	  0.047619	  0.000000	  0.952381	
  0.619048	  0.047619	  0.285714	  0.047619	
  0.357143	  0.071429	  0.357143	  0.214286	

MOTIF Ptx1.mx 

letter-probability matrix: alength= 4 w= 10 nsites= 19 E= 0
  0.230769	  0.384615	  0.153846	  0.230769	
  0.105263	  0.315789	  0.473684	  0.105263	
  0.000000	  0.250000	  0.050000	  0.700000	
  0.000000	  0.000000	  0.000000	  1.000000	
  1.000000	  0.000000	  0.000000	  0.000000	
  1.000000	  0.000000	  0.000000	  0.000000	
  0.000000	  0.000000	  0.000000	  1.000000	
  0.000000	  1.000000	  0.000000	  0.000000	
  0.000000	  0.950000	  0.000000	  0.050000	
  0.000000	  0.750000	  0.000000	  0.250000	

MOTIF Repo.mx 

letter-probability matrix: alength= 4 w= 10 nsites= 26 E= 0
  0.304348	  0.260870	  0.173913	  0.260870	
  0.214286	  0.107143	  0.214286	  0.464286	
  0.035714	  0.142857	  0.142857	  0.678571	
  0.035714	  0.000000	  0.000000	  0.964286	
  0.964286	  0.000000	  0.000000	  0.035714	
  1.000000	  0.000000	  0.000000	  0.000000	
  0.000000	  0.000000	  0.000000	  1.000000	
  0.000000	  0.000000	  0.000000	  1.000000	
  0.750000	  0.000000	  0.250000	  0.000000	
  0.400000	  0.100000	  0.500000	  0.000000	

MOTIF Ro.mx 

letter-probability matrix: alength= 4 w= 10 nsites= 21 E= 0
  0.083333	  0.333333	  0.000000	  0.583333	
  0.217391	  0.173913	  0.478261	  0.130435	
  0.043478	  0.521739	  0.130435	  0.304348	
  0.000000	  0.000000	  0.000000	  1.000000	
  1.000000	  0.000000	  0.000000	  0.000000	
  1.000000	  0.000000	  0.000000	  0.000000	
  0.000000	  0.000000	  0.000000	  1.000000	
  0.000000	  0.000000	  0.130435	  0.869565	
  0.826087	  0.000000	  0.173913	  0.000000	
  0.636364	  0.363636	  0.000000	  0.000000	

MOTIF Rx.mx 

letter-probability matrix: alength= 4 w= 10 nsites= 25 E= 0
  0.142857	  0.142857	  0.142857	  0.571429	
  0.259259	  0.185185	  0.444444	  0.111111	
  0.111111	  0.481481	  0.000000	  0.407407	
  0.000000	  0.000000	  0.000000	  1.000000	
  1.000000	  0.000000	  0.000000	  0.000000	
  1.000000	  0.000000	  0.000000	  0.000000	
  0.000000	  0.000000	  0.000000	  1.000000	
  0.000000	  0.000000	  0.000000	  1.000000	
  0.629630	  0.000000	  0.370370	  0.000000	
  0.500000	  0.090909	  0.363636	  0.045455	

MOTIF Scr.mx 

letter-probability matrix: alength= 4 w= 10 nsites= 23 E= 0
  0.200000	  0.560000	  0.040000	  0.200000	
  0.320000	  0.200000	  0.360000	  0.120000	
  0.120000	  0.280000	  0.000000	  0.600000	
  0.000000	  0.000000	  0.000000	  1.000000	
  1.000000	  0.000000	  0.000000	  0.000000	
  1.000000	  0.000000	  0.000000	  0.000000	
  0.000000	  0.000000	  0.000000	  1.000000	
  0.000000	  0.000000	  0.720000	  0.280000	
  0.920000	  0.000000	  0.080000	  0.000000	
  0.000000	  1.000000	  0.000000	  0.000000	

MOTIF Six4.mx 

letter-probability matrix: alength= 4 w= 10 nsites= 19 E= 0
  0.500000	  0.100000	  0.100000	  0.300000	
  0.200000	  0.100000	  0.150000	  0.550000	
  0.300000	  0.100000	  0.150000	  0.450000	
  0.000000	  0.000000	  0.000000	  1.000000	
  0.000000	  0.000000	  1.000000	  0.000000	
  1.000000	  0.000000	  0.000000	  0.000000	
  0.000000	  0.350000	  0.200000	  0.450000	
  1.000000	  0.000000	  0.000000	  0.000000	
  0.050000	  0.950000	  0.000000	  0.000000	
  0.000000	  1.000000	  0.000000	  0.000000	

MOTIF Slou.mx 

letter-probability matrix: alength= 4 w= 10 nsites= 20 E= 0
  0.100000	  0.400000	  0.300000	  0.200000	
  0.090909	  0.136364	  0.272727	  0.500000	
  0.136364	  0.227273	  0.045455	  0.590909	
  0.000000	  0.045455	  0.000000	  0.954545	
  1.000000	  0.000000	  0.000000	  0.000000	
  0.954545	  0.000000	  0.045455	  0.000000	
  0.000000	  0.000000	  0.000000	  1.000000	
  0.090909	  0.045455	  0.227273	  0.636364	
  0.500000	  0.000000	  0.500000	  0.000000	
  0.066667	  0.200000	  0.466667	  0.266667	

MOTIF So.mx 

letter-probability matrix: alength= 4 w= 10 nsites= 23 E= 0
  0.222222	  0.185185	  0.259259	  0.333333	
  0.444444	  0.148148	  0.185185	  0.222222	
  0.481481	  0.037037	  0.370370	  0.111111	
  0.000000	  0.000000	  0.037037	  0.962963	
  0.000000	  0.000000	  1.000000	  0.000000	
  1.000000	  0.000000	  0.000000	  0.000000	
  0.000000	  0.000000	  0.037037	  0.962963	
  1.000000	  0.000000	  0.000000	  0.000000	
  0.000000	  0.769231	  0.000000	  0.230769	
  0.000000	  0.200000	  0.400000	  0.400000	

MOTIF Tin.mx 

letter-probability matrix: alength= 4 w= 10 nsites= 15 E= 0
  0.200000	  0.400000	  0.200000	  0.200000	
  0.000000	  0.562500	  0.187500	  0.250000	
  0.062500	  0.000000	  0.000000	  0.937500	
  0.000000	  0.687500	  0.062500	  0.250000	
  1.000000	  0.000000	  0.000000	  0.000000	
  1.000000	  0.000000	  0.000000	  0.000000	
  0.000000	  0.000000	  1.000000	  0.000000	
  0.000000	  0.000000	  0.000000	  1.000000	
  0.187500	  0.000000	  0.812500	  0.000000	
  0.000000	  0.285714	  0.642857	  0.071429	

MOTIF Tup.mx 

letter-probability matrix: alength= 4 w= 10 nsites= 15 E= 0
  0.000000	  0.833333	  0.000000	  0.166667	
  0.125000	  0.500000	  0.312500	  0.062500	
  0.250000	  0.125000	  0.062500	  0.562500	
  0.062500	  0.000000	  0.000000	  0.937500	
  1.000000	  0.000000	  0.000000	  0.000000	
  1.000000	  0.000000	  0.000000	  0.000000	
  0.000000	  0.000000	  0.125000	  0.875000	
  0.062500	  0.000000	  0.437500	  0.500000	
  0.125000	  0.000000	  0.812500	  0.062500	
  0.636364	  0.090909	  0.181818	  0.090909	

MOTIF Ubx.mx 

letter-probability matrix: alength= 4 w= 10 nsites= 18 E= 0
