MEME version 4.4

ALPHABET= ACGT

strands: + -

Background letter frequencies (from uniform background):
A 0.25000 C 0.25000 G 0.25000 T 0.25000

MOTIF 4976_pan_DrosophilaTF pan

letter-probability matrix: alength= 4 w= 11 nsites= 1 E= 0
  0.000000	  1.000000	  0.000000	  0.000000	
  0.000000	  1.000000	  0.000000	  0.000000	
  0.000000	  0.000000	  0.000000	  1.000000	
  0.000000	  0.000000	  0.000000	  1.000000	
  0.000000	  0.000000	  0.000000	  1.000000	
  0.000000	  0.000000	  1.000000	  0.000000	
  1.000000	  0.000000	  0.000000	  0.000000	
  0.000000	  0.000000	  0.000000	  1.000000	
  0.000000	  1.000000	  0.000000	  0.000000	
  0.000000	  0.000000	  0.000000	  1.000000	
  0.000000	  0.000000	  0.000000	  1.000000	

MOTIF M06451_2.00  pan

letter-probability matrix: alength= 4 w= 8 nsites= 1 E= 0
  0.160000	  0.120000	  0.440000	  0.280000	
  0.680000	  0.000000	  0.000000	  0.320000	
  0.120000	  0.200000	  0.000000	  0.680000	
  0.120000	  0.800000	  0.080000	  0.000000	
  0.920000	  0.000000	  0.000000	  0.080000	
  0.880000	  0.040000	  0.000000	  0.080000	
  0.800000	  0.000000	  0.120000	  0.080000	
  0.320000	  0.120000	  0.400000	  0.160000	

MOTIF M08428_2.00  pan

letter-probability matrix: alength= 4 w= 14 nsites= 1 E= 0
  0.690141	  0.000000	  0.000000	  0.309859	
  0.225352	  0.295775	  0.000000	  0.478873	
  0.140845	  0.577465	  0.126761	  0.154930	
  0.845070	  0.154930	  0.000000	  0.000000	
  1.000000	  0.000000	  0.000000	  0.000000	
  1.000000	  0.000000	  0.000000	  0.000000	
  0.366197	  0.211268	  0.422535	  0.000000	
  0.338028	  0.000000	  0.563380	  0.098592	
  0.436620	  0.267606	  0.140845	  0.154930	
  0.253521	  0.042254	  0.605634	  0.098592	
  0.154930	  0.563380	  0.281690	  0.000000	
  0.000000	  1.000000	  0.000000	  0.000000	
  0.000000	  0.000000	  1.000000	  0.000000	
  0.521127	  0.478873	  0.000000	  0.000000	

MOTIF M11337_2.00  pan

letter-probability matrix: alength= 4 w= 11 nsites= 1 E= 0
  1.000000	  0.000000	  0.000000	  0.000000	
  1.000000	  0.000000	  0.000000	  0.000000	
  0.000000	  0.000000	  1.000000	  0.000000	
  1.000000	  0.000000	  0.000000	  0.000000	
  0.000000	  0.000000	  0.000000	  1.000000	
  0.000000	  1.000000	  0.000000	  0.000000	
  1.000000	  0.000000	  0.000000	  0.000000	
  1.000000	  0.000000	  0.000000	  0.000000	
  1.000000	  0.000000	  0.000000	  0.000000	
  0.000000	  0.000000	  1.000000	  0.000000	
  0.000000	  0.000000	  1.000000	  0.000000	

MOTIF pan

letter-probability matrix: alength= 4 w= 8 nsites= 25 E= 0
  0.160000	  0.400000	  0.120000	  0.320000	
  0.080000	  0.120000	  0.000000	  0.800000	
  0.080000	  0.000000	  0.040000	  0.880000	
  0.080000	  0.000000	  0.000000	  0.920000	
  0.000000	  0.080000	  0.800000	  0.120000	
  0.680000	  0.000000	  0.200000	  0.120000	
  0.320000	  0.000000	  0.000000	  0.680000	
  0.280000	  0.440000	  0.120000	  0.160000	

MOTIF pan_FlyReg_FBgn0085432 pan

letter-probability matrix: alength= 4 w= 8 nsites= 25 E= 0
  0.160000	  0.400000	  0.120000	  0.320000	
  0.080000	  0.120000	  0.000000	  0.800000	
  0.080000	  0.000000	  0.040000	  0.880000	
  0.080000	  0.000000	  0.000000	  0.920000	
  0.000000	  0.080000	  0.800000	  0.120000	
  0.680000	  0.000000	  0.200000	  0.120000	
  0.320000	  0.000000	  0.000000	  0.680000	
  0.280000	  0.440000	  0.120000	  0.160000	

MOTIF MA0237.2 pan

letter-probability matrix: alength= 4 w= 14 nsites= 71 E= 0
 0.000000  0.000000  0.478873  0.521127
 0.000000  1.000000  0.000000  0.000000
 0.000000  0.000000  1.000000  0.000000
 0.000000  0.281690  0.563380  0.154930
 0.098592  0.605634  0.042254  0.253521
 0.154930  0.140845  0.267606  0.436620
 0.098592  0.563380  0.000000  0.338028
 0.000000  0.422535  0.211268  0.366197
 0.000000  0.000000  0.000000  1.000000
 0.000000  0.000000  0.000000  1.000000
 0.000000  0.000000  0.154930  0.845070
 0.154930  0.126761  0.577465  0.140845
 0.478873  0.000000  0.295775  0.225352
 0.309859  0.000000  0.000000  0.690141
