MEME version 4.4

ALPHABET= ACGT

strands: + -

Background letter frequencies (from uniform background):
A 0.25000 C 0.25000 G 0.25000 T 0.25000

MOTIF M03784_2.00  Dfd

letter-probability matrix: alength= 4 w= 10 nsites= 1 E= 0
  0.146262	  0.379283	  0.368536	  0.105919	
  0.153738	  0.323053	  0.300935	  0.222274	
  0.030549	  0.058972	  0.057777	  0.852703	
  0.801899	  0.040220	  0.146890	  0.010992	
  0.949985	  0.000296	  0.049719	  0.000000	
  0.000000	  0.298437	  0.000000	  0.701563	
  0.000000	  0.072663	  0.652439	  0.274898	
  0.595934	  0.021999	  0.338160	  0.043906	
  0.099271	  0.351498	  0.157931	  0.391299	
  0.202492	  0.236293	  0.419003	  0.142212	

MOTIF M03785_2.00  Dfd

letter-probability matrix: alength= 4 w= 10 nsites= 1 E= 0
  0.189517	  0.285075	  0.437200	  0.088207	
  0.104187	  0.441994	  0.122723	  0.331096	
  0.000000	  0.000000	  0.000000	  1.000000	
  1.000000	  0.000000	  0.000000	  0.000000	
  1.000000	  0.000000	  0.000000	  0.000000	
  0.000000	  0.000000	  0.000000	  1.000000	
  0.000000	  0.000000	  0.705935	  0.294065	
  0.857456	  0.000000	  0.142544	  0.000000	
  0.049122	  0.292647	  0.019649	  0.638583	
  0.179291	  0.320869	  0.370725	  0.129115	

MOTIF M06226_2.00  Dfd

letter-probability matrix: alength= 4 w= 8 nsites= 1 E= 0
  0.333333	  0.375000	  0.166667	  0.125000	
  0.041667	  0.166667	  0.125000	  0.666667	
  0.000000	  0.000000	  0.000000	  1.000000	
  1.000000	  0.000000	  0.000000	  0.000000	
  1.000000	  0.000000	  0.000000	  0.000000	
  0.000000	  0.000000	  0.000000	  1.000000	
  0.041667	  0.000000	  0.791667	  0.166667	
  0.875000	  0.000000	  0.125000	  0.000000	

MOTIF M06227_2.00  Dfd

letter-probability matrix: alength= 4 w= 8 nsites= 1 E= 0
  0.062500	  0.125000	  0.125000	  0.687500	
  0.062500	  0.000000	  0.000000	  0.937500	
  0.937500	  0.062500	  0.000000	  0.000000	
  0.937500	  0.062500	  0.000000	  0.000000	
  0.000000	  0.000000	  0.000000	  1.000000	
  0.062500	  0.000000	  0.312500	  0.625000	
  0.500000	  0.000000	  0.375000	  0.125000	
  0.000000	  0.312500	  0.125000	  0.562500	

MOTIF M06228_2.00  Dfd

letter-probability matrix: alength= 4 w= 8 nsites= 1 E= 0
  0.217610	  0.316981	  0.241509	  0.223899	
  0.113208	  0.335220	  0.132704	  0.418868	
  0.028931	  0.003145	  0.062264	  0.905660	
  0.895597	  0.091824	  0.008176	  0.004403	
  0.902516	  0.095597	  0.001887	  0.000000	
  0.000000	  0.054717	  0.094969	  0.850314	
  0.037736	  0.034591	  0.576730	  0.350943	
  0.606918	  0.055346	  0.303774	  0.033962	

MOTIF M06481_2.00  Dfd

letter-probability matrix: alength= 4 w= 7 nsites= 1 E= 0
  0.041667	  0.166667	  0.125000	  0.666667	
  0.000000	  0.000000	  0.000000	  1.000000	
  1.000000	  0.000000	  0.000000	  0.000000	
  1.000000	  0.000000	  0.000000	  0.000000	
  0.000000	  0.000000	  0.000000	  1.000000	
  0.041667	  0.000000	  0.791667	  0.166667	
  0.875000	  0.000000	  0.125000	  0.000000	

MOTIF M09675_2.00  Dfd

letter-probability matrix: alength= 4 w= 8 nsites= 1 E= 0
  0.119792	  0.151042	  0.078125	  0.651042	
  0.031250	  0.000000	  0.000000	  0.968750	
  1.000000	  0.000000	  0.000000	  0.000000	
  0.968750	  0.031250	  0.000000	  0.000000	
  0.000000	  0.000000	  0.000000	  1.000000	
  0.052083	  0.000000	  0.583333	  0.364583	
  0.687500	  0.000000	  0.250000	  0.062500	
  0.119792	  0.359375	  0.192708	  0.328125	

MOTIF M10784_2.00  Dfd

letter-probability matrix: alength= 4 w= 16 nsites= 1 E= 0
  0.256858	  0.244389	  0.251870	  0.246883	
  0.242500	  0.257500	  0.247500	  0.252500	
  0.211970	  0.341646	  0.204489	  0.241895	
  0.293233	  0.255639	  0.208020	  0.243108	
  0.522500	  0.065000	  0.330000	  0.082500	
  0.127500	  0.112500	  0.447500	  0.312500	
  0.000000	  0.000000	  0.000000	  1.000000	
  1.000000	  0.000000	  0.000000	  0.000000	
  1.000000	  0.000000	  0.000000	  0.000000	
  0.000000	  0.000000	  0.000000	  1.000000	
  0.142500	  0.350000	  0.152500	  0.355000	
  0.247500	  0.280000	  0.272500	  0.200000	
  0.222500	  0.307500	  0.225000	  0.245000	
  0.222500	  0.262500	  0.232500	  0.282500	
  0.252500	  0.252500	  0.242500	  0.252500	
  0.247500	  0.247500	  0.257500	  0.247500	

MOTIF Dfd

letter-probability matrix: alength= 4 w= 8 nsites= 16 E= 0
  0.062500	  0.125000	  0.125000	  0.687500	
  0.062500	  0.000000	  0.000000	  0.937500	
  0.937500	  0.062500	  0.000000	  0.000000	
  0.937500	  0.062500	  0.000000	  0.000000	
  0.000000	  0.000000	  0.000000	  1.000000	
  0.062500	  0.000000	  0.312500	  0.625000	
  0.500000	  0.000000	  0.375000	  0.125000	
  0.000000	  0.312500	  0.125000	  0.562500	

MOTIF Dfd_Cell_FBgn0000439 Dfd

letter-probability matrix: alength= 4 w= 8 nsites= 24 E= 0
  0.333333	  0.375000	  0.166667	  0.125000	
  0.041667	  0.166667	  0.125000	  0.666667	
  0.000000	  0.000000	  0.000000	  1.000000	
  1.000000	  0.000000	  0.000000	  0.000000	
  1.000000	  0.000000	  0.000000	  0.000000	
  0.000000	  0.000000	  0.000000	  1.000000	
  0.041667	  0.000000	  0.791667	  0.166667	
  0.875000	  0.000000	  0.125000	  0.000000	

MOTIF Dfd_FlyReg_FBgn0000439 Dfd

letter-probability matrix: alength= 4 w= 8 nsites= 16 E= 0
  0.062500	  0.125000	  0.125000	  0.687500	
  0.062500	  0.000000	  0.000000	  0.937500	
  0.937500	  0.062500	  0.000000	  0.000000	
  0.937500	  0.062500	  0.000000	  0.000000	
  0.000000	  0.000000	  0.000000	  1.000000	
  0.062500	  0.000000	  0.312500	  0.625000	
  0.500000	  0.000000	  0.375000	  0.125000	
  0.000000	  0.312500	  0.125000	  0.562500	

MOTIF Dfd_SOLEXA_FBgn0000439 Dfd

letter-probability matrix: alength= 4 w= 8 nsites= 1590 E= 0
  0.217610	  0.316981	  0.241509	  0.223899	
  0.113208	  0.335220	  0.132704	  0.418868	
  0.028931	  0.003145	  0.062264	  0.905660	
  0.895597	  0.091824	  0.008176	  0.004403	
  0.902516	  0.095597	  0.001887	  0.000000	
  0.000000	  0.054717	  0.094969	  0.850314	
  0.037736	  0.034591	  0.576730	  0.350943	
  0.606918	  0.055346	  0.303774	  0.033962	

MOTIF MA0186.1 Dfd

letter-probability matrix: alength= 4 w= 7 nsites= 24 E= 0
 0.041667  0.166667  0.125000  0.666667
 0.000000  0.000000  0.000000  1.000000
 1.000000  0.000000  0.000000  0.000000
 1.000000  0.000000  0.000000  0.000000
 0.000000  0.000000  0.000000  1.000000
 0.041667  0.000000  0.791667  0.166667
 0.875000  0.000000  0.125000  0.000000

MOTIF Dfd

letter-probability matrix: alength= 4 w= 10 nsites= 22 E= 0
  0.181818	  0.181818	  0.272727	  0.363636	
  0.333333	  0.375000	  0.166667	  0.125000	
  0.041667	  0.166667	  0.125000	  0.666667	
  0.000000	  0.000000	  0.000000	  1.000000	
  1.000000	  0.000000	  0.000000	  0.000000	
  1.000000	  0.000000	  0.000000	  0.000000	
  0.000000	  0.000000	  0.000000	  1.000000	
  0.041667	  0.000000	  0.791667	  0.166667	
  0.875000	  0.000000	  0.125000	  0.000000	
  0.142857	  0.357143	  0.285714	  0.214286	
