MEME version 4.4

ALPHABET= ACGT

strands: + -

Background letter frequencies (from uniform background):
A 0.25000 C 0.25000 G 0.25000 T 0.25000

MOTIF lola-PO_SANGER_5_FBgn0005630 lola-PO

letter-probability matrix: alength= 4 w= 8 nsites= 8 E= 0
  0.000000	  0.625000	  0.125000	  0.250000	
  0.000000	  0.000000	  1.000000	  0.000000	
  0.000000	  1.000000	  0.000000	  0.000000	
  0.000000	  1.000000	  0.000000	  0.000000	
  0.000000	  1.000000	  0.000000	  0.000000	
  0.750000	  0.000000	  0.250000	  0.000000	
  0.500000	  0.125000	  0.375000	  0.000000	
  0.750000	  0.250000	  0.000000	  0.000000	

MOTIF lola-PO_SOLEXA_FBgn0005630 lola-PO

letter-probability matrix: alength= 4 w= 15 nsites= 236 E= 0
  0.059072	  0.177215	  0.308017	  0.455696	
  0.016949	  0.309322	  0.148305	  0.525424	
  0.017021	  0.348936	  0.004255	  0.629787	
  0.000000	  0.004202	  0.953782	  0.042017	
  0.000000	  0.000000	  1.000000	  0.000000	
  0.000000	  0.000000	  0.983122	  0.016878	
  0.059322	  0.906780	  0.016949	  0.016949	
  0.135593	  0.207627	  0.652542	  0.004237	
  0.139831	  0.216102	  0.508475	  0.135593	
  0.278481	  0.624473	  0.000000	  0.097046	
  0.059829	  0.739316	  0.008547	  0.192308	
  0.221277	  0.285106	  0.272340	  0.221277	
  0.148305	  0.152542	  0.207627	  0.491525	
  0.173729	  0.161017	  0.220339	  0.444915	
  0.216102	  0.165254	  0.254237	  0.364407	

MOTIF lola-PK_SOLEXA_FBgn0005630 lola-PK

letter-probability matrix: alength= 4 w= 11 nsites= 2886 E= 0
  0.467244	  0.176430	  0.163951	  0.192374	
  0.287002	  0.160485	  0.211092	  0.341421	
  0.133056	  0.110187	  0.653846	  0.102911	
  0.000000	  0.000000	  0.021830	  0.978170	
  0.976438	  0.023562	  0.000000	  0.000000	
  0.000000	  0.000000	  1.000000	  0.000000	
  0.000000	  0.000000	  1.000000	  0.000000	
  0.215598	  0.194801	  0.438475	  0.151127	
  0.246794	  0.125477	  0.449913	  0.177816	
  0.157420	  0.638696	  0.153953	  0.049931	
  0.110919	  0.622184	  0.107452	  0.159445	

MOTIF lola-PT_SANGER_5_FBgn0005630 lola-PT

letter-probability matrix: alength= 4 w= 8 nsites= 12 E= 0
  0.083333	  0.000000	  0.916667	  0.000000	
  0.000000	  1.000000	  0.000000	  0.000000	
  0.000000	  0.000000	  0.000000	  1.000000	
  0.000000	  1.000000	  0.000000	  0.000000	
  1.000000	  0.000000	  0.000000	  0.000000	
  0.916667	  0.083333	  0.000000	  0.000000	
  0.250000	  0.333333	  0.083333	  0.333333	
  0.666667	  0.000000	  0.250000	  0.083333	

MOTIF lola-PT_SOLEXA_FBgn0005630 lola-PT

letter-probability matrix: alength= 4 w= 15 nsites= 788 E= 0
  0.131646	  0.265823	  0.286076	  0.316456	
  0.102792	  0.319797	  0.276650	  0.300761	
  0.168782	  0.126904	  0.360406	  0.343909	
  0.036802	  0.274112	  0.083756	  0.605330	
  0.374841	  0.034307	  0.371029	  0.219822	
  0.021546	  0.000000	  0.011407	  0.967047	
  0.000000	  0.000000	  0.000000	  1.000000	
  0.000000	  0.000000	  0.997465	  0.002535	
  0.925032	  0.067344	  0.003812	  0.003812	
  0.001266	  0.000000	  0.996203	  0.002532	
  0.054569	  0.747462	  0.101523	  0.096447	
  0.161578	  0.449109	  0.134860	  0.254453	
  0.176396	  0.244924	  0.304569	  0.274112	
  0.167726	  0.223634	  0.246506	  0.362135	
  0.159898	  0.197970	  0.289340	  0.352792	

MOTIF M06091_2.00  lola

letter-probability matrix: alength= 4 w= 7 nsites= 1 E= 0
  0.083333	  0.083333	  0.666667	  0.166667	
  0.500000	  0.000000	  0.416667	  0.083333	
  0.916667	  0.000000	  0.000000	  0.083333	
  1.000000	  0.000000	  0.000000	  0.000000	
  0.000000	  1.000000	  0.000000	  0.000000	
  0.000000	  1.000000	  0.000000	  0.000000	
  0.000000	  0.583333	  0.000000	  0.416667	

MOTIF M06092_2.00  lola

letter-probability matrix: alength= 4 w= 9 nsites= 1 E= 0
  0.000000	  0.000000	  1.000000	  0.000000	
  0.000000	  0.000000	  1.000000	  0.000000	
  0.909091	  0.000000	  0.090909	  0.000000	
  1.000000	  0.000000	  0.000000	  0.000000	
  1.000000	  0.000000	  0.000000	  0.000000	
  0.818182	  0.000000	  0.090909	  0.090909	
  0.272727	  0.272727	  0.090909	  0.363636	
  0.090909	  0.454545	  0.000000	  0.454545	
  0.000000	  0.888889	  0.111111	  0.000000	

MOTIF M06093_2.00  lola

letter-probability matrix: alength= 4 w= 9 nsites= 1 E= 0
  0.000000	  1.000000	  0.000000	  0.000000	
  0.000000	  0.909091	  0.090909	  0.000000	
  0.090909	  0.818182	  0.000000	  0.090909	
  0.000000	  1.000000	  0.000000	  0.000000	
  0.090909	  0.909091	  0.000000	  0.000000	
  0.090909	  0.909091	  0.000000	  0.000000	
  0.909091	  0.090909	  0.000000	  0.000000	
  0.363636	  0.363636	  0.090909	  0.181818	
  0.200000	  0.100000	  0.000000	  0.700000	

MOTIF M06094_2.00  lola

letter-probability matrix: alength= 4 w= 10 nsites= 1 E= 0
  0.416667	  0.416667	  0.000000	  0.166667	
  0.916667	  0.000000	  0.000000	  0.083333	
  1.000000	  0.000000	  0.000000	  0.000000	
  0.000000	  1.000000	  0.000000	  0.000000	
  0.000000	  0.000000	  0.000000	  1.000000	
  0.000000	  0.916667	  0.000000	  0.083333	
  0.000000	  1.000000	  0.000000	  0.000000	
  0.666667	  0.083333	  0.083333	  0.166667	
  0.000000	  0.500000	  0.000000	  0.500000	
  0.166667	  0.416667	  0.000000	  0.416667	

MOTIF M06095_2.00  lola

letter-probability matrix: alength= 4 w= 7 nsites= 1 E= 0
  0.000000	  0.090909	  0.363636	  0.545455	
  0.181818	  0.090909	  0.727273	  0.000000	
  1.000000	  0.000000	  0.000000	  0.000000	
  0.000000	  0.000000	  0.909091	  0.090909	
  0.000000	  1.000000	  0.000000	  0.000000	
  0.000000	  0.000000	  0.000000	  1.000000	
  0.000000	  0.000000	  0.000000	  1.000000	

MOTIF M06096_2.00  lola

letter-probability matrix: alength= 4 w= 7 nsites= 1 E= 0
  0.000000	  0.000000	  0.000000	  1.000000	
  0.000000	  0.000000	  0.000000	  1.000000	
  1.000000	  0.000000	  0.000000	  0.000000	
  0.000000	  0.000000	  0.000000	  1.000000	
  0.000000	  0.000000	  1.000000	  0.000000	
  0.000000	  0.583333	  0.000000	  0.416667	
  0.083333	  0.000000	  0.000000	  0.916667	

MOTIF M06097_2.00  lola

letter-probability matrix: alength= 4 w= 11 nsites= 1 E= 0
  0.000000	  0.181818	  0.636364	  0.181818	
  0.545455	  0.363636	  0.090909	  0.000000	
  0.272727	  0.181818	  0.272727	  0.272727	
  0.090909	  0.909091	  0.000000	  0.000000	
  0.000000	  1.000000	  0.000000	  0.000000	
  0.181818	  0.000000	  0.000000	  0.818182	
  1.000000	  0.000000	  0.000000	  0.000000	
  0.090909	  0.818182	  0.000000	  0.090909	
  0.272727	  0.181818	  0.181818	  0.363636	
  0.181818	  0.181818	  0.000000	  0.636364	
  0.363636	  0.000000	  0.181818	  0.454545	

MOTIF M06098_2.00  lola

letter-probability matrix: alength= 4 w= 9 nsites= 1 E= 0
  0.200000	  0.000000	  0.000000	  0.800000	
  0.000000	  0.000000	  0.818182	  0.181818	
  0.363636	  0.636364	  0.000000	  0.000000	
  0.181818	  0.454545	  0.181818	  0.181818	
  0.000000	  1.000000	  0.000000	  0.000000	
  0.000000	  1.000000	  0.000000	  0.000000	
  1.000000	  0.000000	  0.000000	  0.000000	
  0.000000	  1.000000	  0.000000	  0.000000	
  0.363636	  0.545455	  0.000000	  0.090909	

MOTIF M06099_2.00  lola

letter-probability matrix: alength= 4 w= 8 nsites= 1 E= 0
  0.000000	  0.000000	  0.250000	  0.750000	
  0.000000	  0.375000	  0.125000	  0.500000	
  0.000000	  0.250000	  0.000000	  0.750000	
  0.000000	  0.000000	  1.000000	  0.000000	
  0.000000	  0.000000	  1.000000	  0.000000	
  0.000000	  0.000000	  1.000000	  0.000000	
  0.000000	  1.000000	  0.000000	  0.000000	
  0.250000	  0.125000	  0.625000	  0.000000	

MOTIF M06100_2.00  lola

letter-probability matrix: alength= 4 w= 9 nsites= 1 E= 0
  0.727273	  0.181818	  0.000000	  0.090909	
  0.272727	  0.272727	  0.363636	  0.090909	
  0.545455	  0.090909	  0.363636	  0.000000	
  0.909091	  0.000000	  0.000000	  0.090909	
  0.727273	  0.000000	  0.000000	  0.272727	
  0.000000	  1.000000	  0.000000	  0.000000	
  1.000000	  0.000000	  0.000000	  0.000000	
  0.545455	  0.454545	  0.000000	  0.000000	
  0.000000	  0.818182	  0.000000	  0.181818	

MOTIF M06101_2.00  lola

letter-probability matrix: alength= 4 w= 8 nsites= 1 E= 0
  0.083333	  0.000000	  0.916667	  0.000000	
  0.000000	  1.000000	  0.000000	  0.000000	
  0.000000	  0.000000	  0.000000	  1.000000	
  0.000000	  1.000000	  0.000000	  0.000000	
  1.000000	  0.000000	  0.000000	  0.000000	
  0.916667	  0.083333	  0.000000	  0.000000	
  0.250000	  0.333333	  0.083333	  0.333333	
  0.666667	  0.000000	  0.250000	  0.083333	

MOTIF M06102_2.00  lola

letter-probability matrix: alength= 4 w= 9 nsites= 1 E= 0
  0.166667	  0.166667	  0.666667	  0.000000	
  0.000000	  1.000000	  0.000000	  0.000000	
  0.000000	  0.166667	  0.000000	  0.833333	
  0.000000	  1.000000	  0.000000	  0.000000	
  1.000000	  0.000000	  0.000000	  0.000000	
  1.000000	  0.000000	  0.000000	  0.000000	
  0.250000	  0.250000	  0.000000	  0.500000	
  0.666667	  0.083333	  0.250000	  0.000000	
  0.500000	  0.333333	  0.000000	  0.166667	

MOTIF M06103_2.00  lola

letter-probability matrix: alength= 4 w= 7 nsites= 1 E= 0
  0.000000	  0.250000	  0.750000	  0.000000	
  0.000000	  0.000000	  0.166667	  0.833333	
  0.000000	  0.833333	  0.000000	  0.166667	
  0.000000	  0.000000	  0.000000	  1.000000	
  0.000000	  0.000000	  1.000000	  0.000000	
  0.000000	  0.916667	  0.000000	  0.083333	
  0.916667	  0.000000	  0.000000	  0.083333	

MOTIF M06104_2.00  lola

letter-probability matrix: alength= 4 w= 9 nsites= 1 E= 0
  0.636364	  0.090909	  0.272727	  0.000000	
  0.909091	  0.090909	  0.000000	  0.000000	
  0.000000	  1.000000	  0.000000	  0.000000	
  0.000000	  1.000000	  0.000000	  0.000000	
  0.000000	  0.636364	  0.000000	  0.363636	
  0.000000	  0.363636	  0.000000	  0.636364	
  0.454545	  0.181818	  0.272727	  0.090909	
  0.545455	  0.090909	  0.363636	  0.000000	
  0.181818	  0.818182	  0.000000	  0.000000	

MOTIF M06105_2.00  lola

letter-probability matrix: alength= 4 w= 7 nsites= 1 E= 0
  0.333333	  0.000000	  0.666667	  0.000000	
  1.000000	  0.000000	  0.000000	  0.000000	
  0.000000	  0.000000	  1.000000	  0.000000	
  0.000000	  1.000000	  0.000000	  0.000000	
  0.000000	  0.000000	  0.000000	  1.000000	
  0.000000	  0.000000	  0.000000	  1.000000	
  0.000000	  0.000000	  0.000000	  1.000000	

MOTIF M06106_2.00  lola

letter-probability matrix: alength= 4 w= 9 nsites= 1 E= 0
  0.161290	  0.000000	  0.838710	  0.000000	
  1.000000	  0.000000	  0.000000	  0.000000	
  0.000000	  0.000000	  1.000000	  0.000000	
  0.021505	  0.967742	  0.000000	  0.010753	
  0.000000	  0.000000	  0.000000	  1.000000	
  0.032258	  0.000000	  0.000000	  0.967742	
  0.053763	  0.000000	  0.021505	  0.924731	
  0.108696	  0.391304	  0.152174	  0.347826	
  0.369565	  0.141304	  0.358696	  0.130435	

MOTIF lola_PK_SANGER_5_FBgn0005630 lola

letter-probability matrix: alength= 4 w= 11 nsites= 11 E= 0
  0.000000	  0.181818	  0.636364	  0.181818	
  0.545455	  0.363636	  0.090909	  0.000000	
  0.272727	  0.181818	  0.272727	  0.272727	
  0.090909	  0.909091	  0.000000	  0.000000	
  0.000000	  1.000000	  0.000000	  0.000000	
  0.181818	  0.000000	  0.000000	  0.818182	
  1.000000	  0.000000	  0.000000	  0.000000	
  0.090909	  0.818182	  0.000000	  0.090909	
  0.272727	  0.181818	  0.181818	  0.363636	
  0.181818	  0.181818	  0.000000	  0.636364	
  0.363636	  0.000000	  0.181818	  0.454545	

MOTIF lola_SANGER_5_FBgn0005630 lola

letter-probability matrix: alength= 4 w= 7 nsites= 12 E= 0
  1.000000	  0.000000	  0.000000	  0.000000	
  1.000000	  0.000000	  0.000000	  0.000000	
  1.000000	  0.000000	  0.000000	  0.000000	
  0.000000	  0.000000	  1.000000	  0.000000	
  0.000000	  1.000000	  0.000000	  0.000000	
  0.000000	  0.000000	  0.000000	  1.000000	
  0.000000	  0.666667	  0.000000	  0.333333	

MOTIF lola_SOLEXA_5_FBgn0005630 lola

letter-probability matrix: alength= 4 w= 9 nsites= 93 E= 0
  0.130435	  0.358696	  0.141304	  0.369565	
  0.347826	  0.152174	  0.391304	  0.108696	
  0.924731	  0.021505	  0.000000	  0.053763	
  0.967742	  0.000000	  0.000000	  0.032258	
  1.000000	  0.000000	  0.000000	  0.000000	
  0.010753	  0.000000	  0.967742	  0.021505	
  0.000000	  1.000000	  0.000000	  0.000000	
  0.000000	  0.000000	  0.000000	  1.000000	
  0.000000	  0.838710	  0.000000	  0.161290	

MOTIF lola-PJ_SANGER_5_FBgn0005630 lola-PJ

letter-probability matrix: alength= 4 w= 7 nsites= 12 E= 0
  0.916667	  0.000000	  0.000000	  0.083333	
  0.416667	  0.000000	  0.583333	  0.000000	
  0.000000	  1.000000	  0.000000	  0.000000	
  1.000000	  0.000000	  0.000000	  0.000000	
  0.000000	  0.000000	  0.000000	  1.000000	
  1.000000	  0.000000	  0.000000	  0.000000	
  1.000000	  0.000000	  0.000000	  0.000000	

MOTIF lola-PJ_SOLEXA_FBgn0005630 lola-PJ

letter-probability matrix: alength= 4 w= 15 nsites= 2785 E= 0
  0.167744	  0.216595	  0.280532	  0.335129	
  0.229885	  0.201149	  0.235632	  0.333333	
  0.094794	  0.177379	  0.308797	  0.419031	
  0.019031	  0.091203	  0.052783	  0.836984	
  0.007899	  0.003232	  0.000718	  0.988151	
  0.999282	  0.000718	  0.000000	  0.000000	
  0.000000	  0.000000	  0.000000	  1.000000	
  0.000000	  0.000000	  1.000000	  0.000000	
  0.031239	  0.440575	  0.000000	  0.528187	
  0.042026	  0.002514	  0.017601	  0.937859	
  0.082226	  0.120287	  0.597846	  0.199641	
  0.109515	  0.276840	  0.312388	  0.301257	
  0.126391	  0.187074	  0.407899	  0.278636	
  0.145422	  0.218312	  0.249910	  0.386355	
  0.160144	  0.185996	  0.313106	  0.340754	

MOTIF lola-PW_SANGER_5_FBgn0005630 lola-PW

letter-probability matrix: alength= 4 w= 7 nsites= 12 E= 0
  0.000000	  0.250000	  0.750000	  0.000000	
  0.000000	  0.000000	  0.166667	  0.833333	
  0.000000	  0.833333	  0.000000	  0.166667	
  0.000000	  0.000000	  0.000000	  1.000000	
  0.000000	  0.000000	  1.000000	  0.000000	
  0.000000	  0.916667	  0.000000	  0.083333	
  0.916667	  0.000000	  0.000000	  0.083333	

MOTIF lola-PW_SOLEXA_FBgn0005630 lola-PW

letter-probability matrix: alength= 4 w= 10 nsites= 391 E= 0
  0.048718	  0.297436	  0.079487	  0.574359	
  0.110256	  0.046154	  0.320513	  0.523077	
  0.000000	  0.005115	  0.000000	  0.994885	
  0.069054	  0.000000	  0.930946	  0.000000	
  0.000000	  1.000000	  0.000000	  0.000000	
  1.000000	  0.000000	  0.000000	  0.000000	
  0.000000	  0.000000	  1.000000	  0.000000	
  0.525773	  0.265464	  0.152062	  0.056701	
  0.230769	  0.394872	  0.261538	  0.112821	
  0.263427	  0.191816	  0.350384	  0.194373	

MOTIF lola-PA_SANGER_5_FBgn0005630 lola-PA

letter-probability matrix: alength= 4 w= 7 nsites= 12 E= 0
  0.416667	  0.000000	  0.583333	  0.000000	
  0.000000	  0.000000	  1.000000	  0.000000	
  0.000000	  0.000000	  1.000000	  0.000000	
  0.000000	  0.000000	  0.000000	  1.000000	
  0.083333	  0.000000	  0.000000	  0.916667	
  0.083333	  0.416667	  0.000000	  0.500000	
  0.166667	  0.666667	  0.083333	  0.083333	

MOTIF lola-PA_SOLEXA_FBgn0005630 lola-PA

letter-probability matrix: alength= 4 w= 15 nsites= 2362 E= 0
  0.389500	  0.217612	  0.242168	  0.150720	
  0.362405	  0.292549	  0.201948	  0.143099	
  0.265989	  0.432444	  0.180008	  0.121559	
  0.271804	  0.376799	  0.192633	  0.158764	
  0.241219	  0.391875	  0.214981	  0.151926	
  0.299449	  0.290555	  0.228293	  0.181703	
  0.305379	  0.217704	  0.346040	  0.130877	
  0.411516	  0.263760	  0.112616	  0.212108	
  0.477138	  0.000000	  0.522862	  0.000000	
  0.000000	  0.000000	  1.000000	  0.000000	
  0.000000	  0.000000	  1.000000	  0.000000	
  0.175000	  0.106356	  0.017373	  0.701271	
  0.119864	  0.048285	  0.000000	  0.831851	
  0.103726	  0.505927	  0.024555	  0.365792	
  0.196950	  0.431597	  0.207963	  0.163490	

MOTIF lola-PC_SANGER_5_FBgn0005630 lola-PC

letter-probability matrix: alength= 4 w= 9 nsites= 11 E= 0
  0.000000	  0.000000	  1.000000	  0.000000	
  0.000000	  0.000000	  1.000000	  0.000000	
  0.909091	  0.000000	  0.090909	  0.000000	
  1.000000	  0.000000	  0.000000	  0.000000	
  1.000000	  0.000000	  0.000000	  0.000000	
  0.818182	  0.000000	  0.090909	  0.090909	
  0.272727	  0.272727	  0.090909	  0.363636	
  0.090909	  0.454545	  0.000000	  0.454545	
  0.000000	  0.888889	  0.111111	  0.000000	

MOTIF lola-PC_SOLEXA_FBgn0005630 lola-PC

letter-probability matrix: alength= 4 w= 11 nsites= 2893 E= 0
  0.181189	  0.350968	  0.276279	  0.191563	
  0.213001	  0.275934	  0.302905	  0.208160	
  0.069156	  0.009682	  0.786653	  0.134509	
  0.000000	  0.000000	  1.000000	  0.000000	
  0.719419	  0.020041	  0.260539	  0.000000	
  0.992053	  0.007947	  0.000000	  0.000000	
  0.991016	  0.008984	  0.000000	  0.000000	
  0.989983	  0.007945	  0.002073	  0.000000	
  0.171567	  0.269803	  0.259772	  0.298859	
  0.057360	  0.496199	  0.131306	  0.315135	
  0.135798	  0.387699	  0.266759	  0.209744	

MOTIF lola-PU_SANGER_5_FBgn0005630 lola-PU

letter-probability matrix: alength= 4 w= 9 nsites= 12 E= 0
  0.166667	  0.166667	  0.666667	  0.000000	
  0.000000	  1.000000	  0.000000	  0.000000	
  0.000000	  0.166667	  0.000000	  0.833333	
  0.000000	  1.000000	  0.000000	  0.000000	
  1.000000	  0.000000	  0.000000	  0.000000	
  1.000000	  0.000000	  0.000000	  0.000000	
  0.250000	  0.250000	  0.000000	  0.500000	
  0.666667	  0.083333	  0.250000	  0.000000	
  0.500000	  0.333333	  0.000000	  0.166667	

MOTIF lola-PU_SOLEXA_FBgn0005630 lola-PU

letter-probability matrix: alength= 4 w= 13 nsites= 2863 E= 0
  0.165852	  0.285615	  0.260126	  0.288408	
  0.164336	  0.289510	  0.222378	  0.323776	
  0.261872	  0.104749	  0.318785	  0.314595	
  0.038784	  0.293152	  0.083857	  0.584207	
  0.402516	  0.037386	  0.283718	  0.276380	
  0.020601	  0.000000	  0.032123	  0.947277	
  0.000000	  0.000000	  0.020608	  0.979392	
  0.000000	  0.000000	  1.000000	  0.000000	
  0.959483	  0.040517	  0.000000	  0.000000	
  0.000000	  0.000000	  1.000000	  0.000000	
  0.012928	  0.772537	  0.111810	  0.102725	
  0.130328	  0.483927	  0.157932	  0.227813	
  0.184073	  0.226685	  0.325533	  0.263709	

MOTIF lola-PD_SANGER_5_FBgn0005630 lola-PD

letter-probability matrix: alength= 4 w= 9 nsites= 11 E= 0
  0.000000	  1.000000	  0.000000	  0.000000	
  0.000000	  0.909091	  0.090909	  0.000000	
  0.090909	  0.818182	  0.000000	  0.090909	
  0.000000	  1.000000	  0.000000	  0.000000	
  0.090909	  0.909091	  0.000000	  0.000000	
  0.090909	  0.909091	  0.000000	  0.000000	
  0.909091	  0.090909	  0.000000	  0.000000	
  0.363636	  0.363636	  0.090909	  0.181818	
  0.200000	  0.100000	  0.000000	  0.700000	

MOTIF lola-PD_SOLEXA_FBgn0005630 lola-PD

letter-probability matrix: alength= 4 w= 15 nsites= 1045 E= 0
  0.196172	  0.106220	  0.384689	  0.312919	
  0.077586	  0.185824	  0.440613	  0.295977	
  0.046935	  0.028736	  0.444444	  0.479885	
  0.000000	  0.000000	  0.716061	  0.283939	
  0.000000	  0.000000	  0.714149	  0.285851	
  0.000000	  0.000000	  1.000000	  0.000000	
  0.000000	  0.000000	  1.000000	  0.000000	
  0.217973	  0.000000	  0.782027	  0.000000	
  0.000000	  0.000000	  0.933078	  0.066922	
  0.243062	  0.558852	  0.131100	  0.066986	
  0.148325	  0.253589	  0.119617	  0.478469	
  0.137799	  0.248804	  0.315789	  0.297608	
  0.183908	  0.200192	  0.348659	  0.267241	
  0.138491	  0.196753	  0.388730	  0.276027	
  0.164751	  0.197318	  0.331418	  0.306513	

MOTIF lola-PY_SANGER_2.5_FBgn0005630 lola-PY

letter-probability matrix: alength= 4 w= 9 nsites= 11 E= 0
  0.636364	  0.090909	  0.272727	  0.000000	
  0.909091	  0.090909	  0.000000	  0.000000	
  0.000000	  1.000000	  0.000000	  0.000000	
  0.000000	  1.000000	  0.000000	  0.000000	
  0.000000	  0.636364	  0.000000	  0.363636	
  0.000000	  0.363636	  0.000000	  0.636364	
  0.454545	  0.181818	  0.272727	  0.090909	
  0.545455	  0.090909	  0.363636	  0.000000	
  0.181818	  0.818182	  0.000000	  0.000000	

MOTIF lola-PY_SOLEXA_FBgn0005630 lola-PY

letter-probability matrix: alength= 4 w= 15 nsites= 2167 E= 0
  0.203969	  0.175358	  0.234887	  0.385787	
  0.173512	  0.124596	  0.269036	  0.432856	
  0.125577	  0.202678	  0.307018	  0.364728	
  0.092293	  0.215044	  0.377942	  0.314721	
  0.078947	  0.176824	  0.280702	  0.463527	
  0.135335	  0.136721	  0.451270	  0.276674	
  0.722786	  0.000000	  0.257380	  0.019834	
  0.087177	  0.000000	  0.847786	  0.065037	
  0.000000	  0.000000	  1.000000	  0.000000	
  0.000000	  0.000000	  1.000000	  0.000000	
  0.000000	  0.000000	  0.065959	  0.934041	
  0.007377	  0.479945	  0.000000	  0.512679	
  0.257737	  0.232333	  0.245266	  0.264665	
  0.110701	  0.147601	  0.590867	  0.150830	
  0.113521	  0.220120	  0.371943	  0.294416	

MOTIF lola-PQ_SANGER_5_FBgn0005630 lola-PQ

letter-probability matrix: alength= 4 w= 9 nsites= 11 E= 0
  0.727273	  0.181818	  0.000000	  0.090909	
  0.272727	  0.272727	  0.363636	  0.090909	
  0.545455	  0.090909	  0.363636	  0.000000	
  0.909091	  0.000000	  0.000000	  0.090909	
  0.727273	  0.000000	  0.000000	  0.272727	
  0.000000	  1.000000	  0.000000	  0.000000	
  1.000000	  0.000000	  0.000000	  0.000000	
  0.545455	  0.454545	  0.000000	  0.000000	
  0.000000	  0.818182	  0.000000	  0.181818	

MOTIF lola-PQ_SOLEXA_FBgn0005630 lola-PQ

letter-probability matrix: alength= 4 w= 15 nsites= 502 E= 0
  0.073852	  0.219561	  0.251497	  0.455090	
  0.063745	  0.322709	  0.123506	  0.490040	
  0.109562	  0.137450	  0.533865	  0.219124	
  0.103586	  0.360558	  0.314741	  0.221116	
  0.107356	  0.015905	  0.876740	  0.000000	
  0.000000	  0.000000	  0.358566	  0.641434	
  0.000000	  0.000000	  0.003976	  0.996024	
  0.000000	  0.000000	  1.000000	  0.000000	
  0.250996	  0.000000	  0.000000	  0.749004	
  0.035857	  0.075697	  0.000000	  0.888446	
  0.045635	  0.545635	  0.087302	  0.321429	
  0.081836	  0.161677	  0.443114	  0.313373	
  0.063745	  0.229084	  0.221116	  0.486056	
  0.113772	  0.171657	  0.319361	  0.395210	
  0.185259	  0.193227	  0.306773	  0.314741	

MOTIF lola-PL_SANGER_2.5_FBgn0005630 lola-PL

letter-probability matrix: alength= 4 w= 9 nsites= 11 E= 0
  0.090909	  0.000000	  0.545455	  0.363636	
  0.000000	  0.000000	  1.000000	  0.000000	
  0.000000	  0.000000	  0.000000	  1.000000	
  0.000000	  0.000000	  1.000000	  0.000000	
  0.000000	  0.000000	  1.000000	  0.000000	
  0.181818	  0.181818	  0.454545	  0.181818	
  0.000000	  0.000000	  0.636364	  0.363636	
  0.181818	  0.818182	  0.000000	  0.000000	
  0.800000	  0.000000	  0.000000	  0.200000	

MOTIF lola-PL_SOLEXA_FBgn0005630 lola-PL

letter-probability matrix: alength= 4 w= 14 nsites= 2059 E= 0
  0.173385	  0.156387	  0.291404	  0.378825	
  0.104521	  0.079242	  0.598930	  0.217307	
  0.458252	  0.469903	  0.000000	  0.071845	
  0.392233	  0.384951	  0.066505	  0.156311	
  0.000000	  1.000000	  0.000000	  0.000000	
  0.000000	  1.000000	  0.000000	  0.000000	
  1.000000	  0.000000	  0.000000	  0.000000	
  0.000000	  1.000000	  0.000000	  0.000000	
  0.175328	  0.533754	  0.059738	  0.231180	
  0.197669	  0.233609	  0.405051	  0.163672	
  0.222168	  0.162372	  0.335440	  0.280019	
  0.136474	  0.187955	  0.456047	  0.219524	
  0.178814	  0.219631	  0.315841	  0.285714	
  0.150559	  0.233123	  0.317144	  0.299174	

MOTIF lola-PG_SANGER_2.5_FBgn0005630 lola-PG

letter-probability matrix: alength= 4 w= 7 nsites= 11 E= 0
  1.000000	  0.000000	  0.000000	  0.000000	
  1.000000	  0.000000	  0.000000	  0.000000	
  0.000000	  0.000000	  1.000000	  0.000000	
  0.090909	  0.909091	  0.000000	  0.000000	
  0.000000	  0.000000	  0.000000	  1.000000	
  0.000000	  0.727273	  0.090909	  0.181818	
  0.545455	  0.363636	  0.090909	  0.000000	

MOTIF lola-PG_SOLEXA_FBgn0005630 lola-PG

letter-probability matrix: alength= 4 w= 11 nsites= 2341 E= 0
  0.217949	  0.055983	  0.685897	  0.040171	
  0.842802	  0.099103	  0.024776	  0.033319	
  0.000000	  0.000000	  0.979932	  0.020068	
  0.028608	  0.971392	  0.000000	  0.000000	
  0.000000	  0.000000	  0.011102	  0.988898	
  0.000000	  0.000000	  0.000000	  1.000000	
  0.155062	  0.039727	  0.015378	  0.789833	
  0.208369	  0.295901	  0.219898	  0.275833	
  0.252456	  0.184964	  0.339598	  0.222982	
  0.207176	  0.234942	  0.335327	  0.222554	
  0.146091	  0.259291	  0.328492	  0.266126	

MOTIF lola-PF_SANGER_5_FBgn0005630 lola-PF

letter-probability matrix: alength= 4 w= 10 nsites= 12 E= 0
  0.416667	  0.416667	  0.000000	  0.166667	
  0.916667	  0.000000	  0.000000	  0.083333	
  1.000000	  0.000000	  0.000000	  0.000000	
  0.000000	  1.000000	  0.000000	  0.000000	
  0.000000	  0.000000	  0.000000	  1.000000	
  0.000000	  0.916667	  0.000000	  0.083333	
  0.000000	  1.000000	  0.000000	  0.000000	
  0.666667	  0.083333	  0.083333	  0.166667	
  0.000000	  0.500000	  0.000000	  0.500000	
  0.166667	  0.416667	  0.000000	  0.416667	

MOTIF lola-PF_SOLEXA_FBgn0005630 lola-PF

letter-probability matrix: alength= 4 w= 15 nsites= 2618 E= 0
  0.176403	  0.243604	  0.304696	  0.275296	
  0.102329	  0.211531	  0.339061	  0.347079	
  0.190985	  0.207792	  0.229947	  0.371276	
  0.313980	  0.094347	  0.405271	  0.186402	
  0.272345	  0.055386	  0.522154	  0.150115	
  0.076776	  0.181818	  0.042017	  0.699389	
  0.003820	  0.000382	  0.985867	  0.009931	
  0.038579	  0.000000	  0.957219	  0.004202	
  0.995031	  0.000765	  0.003823	  0.000382	
  0.000000	  0.000000	  0.994654	  0.005346	
  0.000000	  0.001910	  0.001528	  0.996562	
  0.008785	  0.057678	  0.003820	  0.929717	
  0.195951	  0.046982	  0.424370	  0.332697	
  0.072165	  0.208858	  0.384880	  0.334097	
  0.243697	  0.140183	  0.367456	  0.248663	
