>4971_h_DrosophilaTF
0.200000	0.300000	0.350000	0.150000
0.262626	0.303030	0.262626	0.171717
0.120000	0.160000	0.560000	0.160000
0.190000	0.150000	0.580000	0.080000
0.000000	0.960000	0.000000	0.040000
0.802000	0.118800	0.000000	0.079200
0.000000	1.000000	0.000000	0.000000
0.030300	0.000000	0.939400	0.030300
0.000000	0.830000	0.070000	0.100000
0.000000	0.120000	0.710000	0.170000
0.360000	0.410000	0.180000	0.050000
0.049500	0.613900	0.237600	0.099000
0.470000	0.210000	0.110000	0.210000
0.151515	0.151515	0.313131	0.383838
>M03594_2.00
0.113122	0.425339	0.072398	0.389140
0.000000	0.106007	0.780919	0.113074
0.131818	0.436364	0.390909	0.040909
0.000000	0.965066	0.034934	0.000000
1.000000	0.000000	0.000000	0.000000
0.046809	0.940426	0.012766	0.000000
0.166038	0.000000	0.833962	0.000000
0.000000	0.783688	0.021277	0.195035
0.018797	0.000000	0.830827	0.150376
0.444934	0.493392	0.000000	0.061674
0.197832	0.598916	0.130081	0.073171
0.618834	0.143498	0.000000	0.237668
>M05935_2.00
0.000000	0.000000	1.000000	0.000000
0.000000	0.166667	0.722222	0.111111
0.000000	1.000000	0.000000	0.000000
0.722222	0.000000	0.277778	0.000000
0.000000	0.944444	0.000000	0.055556
0.000000	0.000000	1.000000	0.000000
0.000000	0.333333	0.000000	0.666667
0.000000	0.000000	1.000000	0.000000
0.277778	0.333333	0.222222	0.166667
0.000000	0.944444	0.055556	0.000000
>M05936_2.00
0.000000	0.000000	1.000000	0.000000
0.166667	0.388889	0.444444	0.000000
0.000000	1.000000	0.000000	0.000000
1.000000	0.000000	0.000000	0.000000
0.000000	1.000000	0.000000	0.000000
0.000000	0.000000	1.000000	0.000000
0.000000	0.722222	0.000000	0.277778
0.000000	0.000000	1.000000	0.000000
0.500000	0.500000	0.000000	0.000000
0.000000	1.000000	0.000000	0.000000
>M06463_2.00
0.029412	0.058824	0.882353	0.029412
0.088235	0.205882	0.500000	0.205882
0.029412	0.911765	0.029412	0.029412
0.647059	0.029412	0.294118	0.029412
0.029412	0.882353	0.029412	0.058824
0.058824	0.029412	0.882353	0.029412
0.029412	0.294118	0.029412	0.647059
0.029412	0.029412	0.911765	0.029412
0.205882	0.500000	0.205882	0.088235
0.029412	0.882353	0.058824	0.029412
>M09656_2.00
0.087845	0.161142	0.696105	0.054908
0.234029	0.212247	0.500098	0.053626
0.032473	0.910916	0.029139	0.027473
0.910739	0.027625	0.024408	0.037228
0.033248	0.919463	0.025311	0.021978
0.066068	0.029915	0.872039	0.031978
0.026978	0.736044	0.038132	0.198846
0.052418	0.065238	0.796349	0.085995
0.250238	0.502039	0.099554	0.148168
0.128669	0.634096	0.118797	0.118437
>M09891_2.00
0.200000	0.300000	0.350000	0.150000
0.262626	0.303030	0.262626	0.171717
0.120000	0.160000	0.560000	0.160000
0.190000	0.150000	0.580000	0.080000
0.000000	0.960000	0.000000	0.040000
0.801980	0.118812	0.000000	0.079208
0.000000	1.000000	0.000000	0.000000
0.030303	0.000000	0.939394	0.030303
0.000000	0.830000	0.070000	0.100000
0.000000	0.120000	0.710000	0.170000
0.360000	0.410000	0.180000	0.050000
0.049505	0.613861	0.237624	0.099010
0.470000	0.210000	0.110000	0.210000
0.151515	0.151515	0.313131	0.383838
>h_NAR_FBgn0001168
0.000000	0.055556	0.944444	0.000000
0.166667	0.222222	0.333333	0.277778
0.000000	1.000000	0.000000	0.000000
0.666667	0.000000	0.333333	0.000000
0.000000	1.000000	0.000000	0.000000
0.055556	0.000000	0.944444	0.000000
0.000000	0.277778	0.000000	0.722222
0.000000	0.000000	1.000000	0.000000
0.111111	0.722222	0.166667	0.000000
0.000000	1.000000	0.000000	0.000000
>h_SANGER_5_FBgn0001168
0.000000	0.000000	1.000000	0.000000
0.166667	0.388889	0.444444	0.000000
0.000000	1.000000	0.000000	0.000000
1.000000	0.000000	0.000000	0.000000
0.000000	1.000000	0.000000	0.000000
0.000000	0.000000	1.000000	0.000000
0.000000	0.722222	0.000000	0.277778
0.000000	0.000000	1.000000	0.000000
0.500000	0.500000	0.000000	0.000000
0.000000	1.000000	0.000000	0.000000
>MA0449.1
