>M10097_2.00
0.111111	0.222222	0.333333	0.333333
0.444444	0.000000	0.222222	0.333333
0.222222	0.222222	0.333333	0.222222
0.555556	0.000000	0.000000	0.444444
0.111111	0.333333	0.000000	0.555556
0.000000	0.111111	0.000000	0.888889
0.000000	0.000000	0.000000	1.000000
0.000000	0.000000	0.888889	0.111111
0.111111	0.111111	0.000000	0.777778
0.000000	0.444444	0.111111	0.444444
0.333333	0.000000	0.000000	0.666667
0.666667	0.000000	0.000000	0.333333
0.111111	0.111111	0.000000	0.777778
0.111111	0.111111	0.222222	0.555556
0.666667	0.111111	0.111111	0.111111
0.111111	0.444444	0.111111	0.333333
0.333333	0.222222	0.111111	0.333333
0.444444	0.000000	0.000000	0.555556
>M06028_2.00
0.636364	0.363636	0.000000	0.000000
1.000000	0.000000	0.000000	0.000000
0.090909	0.909091	0.000000	0.000000
0.000000	0.000000	0.000000	1.000000
1.000000	0.000000	0.000000	0.000000
0.000000	0.000000	0.090909	0.909091
0.000000	0.272727	0.000000	0.727273
>M06029_2.00
0.500000	0.000000	0.500000	0.000000
0.200000	0.100000	0.000000	0.700000
0.200000	0.300000	0.000000	0.500000
0.000000	0.700000	0.100000	0.200000
0.300000	0.200000	0.300000	0.200000
0.300000	0.100000	0.000000	0.600000
0.000000	1.000000	0.000000	0.000000
0.100000	0.000000	0.100000	0.800000
1.000000	0.000000	0.000000	0.000000
1.000000	0.000000	0.000000	0.000000
0.100000	0.500000	0.000000	0.400000
0.200000	0.000000	0.800000	0.000000
>M06030_2.00
0.181818	0.000000	0.090909	0.727273
0.090909	0.181818	0.727273	0.000000
0.181818	0.272727	0.545455	0.000000
0.000000	0.000000	0.000000	1.000000
0.090909	0.909091	0.000000	0.000000
0.000000	0.000000	0.000000	1.000000
0.636364	0.181818	0.000000	0.181818
0.000000	0.000000	0.454545	0.545455
0.000000	0.000000	0.636364	0.363636
>M06031_2.00
0.000000	0.000000	0.000000	1.000000
0.000000	0.916667	0.083333	0.000000
0.000000	0.000000	0.000000	1.000000
1.000000	0.000000	0.000000	0.000000
1.000000	0.000000	0.000000	0.000000
0.000000	0.000000	0.000000	1.000000
0.000000	0.916667	0.000000	0.083333
>M06032_2.00
0.130556	0.347222	0.088889	0.433333
0.202778	0.058333	0.150000	0.588889
0.005525	0.102210	0.002762	0.889503
0.000000	1.000000	0.000000	0.000000
0.000000	0.000000	0.000000	1.000000
0.991713	0.000000	0.000000	0.008287
0.975138	0.002762	0.011050	0.011050
0.102210	0.000000	0.058011	0.839779
0.022099	0.950276	0.002762	0.024862
0.417614	0.116477	0.221591	0.244318
0.130178	0.349112	0.257396	0.263314
>M06033_2.00
0.000000	0.000000	0.058824	0.941176
0.058824	0.117647	0.176471	0.647059
0.176471	0.529412	0.235294	0.058824
0.058824	0.117647	0.000000	0.823529
0.823529	0.000000	0.176471	0.000000
0.470588	0.000000	0.000000	0.529412
0.000000	0.176471	0.117647	0.705882
0.176471	0.117647	0.000000	0.705882
>M06034_2.00
0.333333	0.142857	0.047619	0.476190
0.000000	0.714286	0.190476	0.095238
0.000000	0.000000	0.000000	1.000000
1.000000	0.000000	0.000000	0.000000
0.047619	0.000000	0.238095	0.714286
0.095238	0.238095	0.238095	0.428571
0.571429	0.047619	0.047619	0.333333
0.523810	0.190476	0.047619	0.238095
>M06035_2.00
0.937500	0.062500	0.000000	0.000000
0.375000	0.625000	0.000000	0.000000
0.375000	0.187500	0.000000	0.437500
0.937500	0.062500	0.000000	0.000000
0.250000	0.000000	0.687500	0.062500
0.000000	0.375000	0.000000	0.625000
0.187500	0.000000	0.062500	0.750000
0.187500	0.187500	0.187500	0.437500
>M06036_2.00
0.875000	0.000000	0.000000	0.125000
0.000000	0.000000	0.000000	1.000000
0.000000	0.000000	0.000000	1.000000
0.875000	0.000000	0.000000	0.125000
0.125000	0.000000	0.625000	0.250000
0.000000	0.375000	0.000000	0.625000
>M08446_2.00
0.222222	0.222222	0.333333	0.222222
0.555556	0.000000	0.000000	0.444444
0.111111	0.333333	0.000000	0.555556
0.000000	0.111111	0.000000	0.888889
0.000000	0.000000	0.000000	1.000000
0.000000	0.000000	0.888889	0.111111
0.111111	0.111111	0.000000	0.777778
0.000000	0.444444	0.111111	0.444444
0.333333	0.000000	0.000000	0.666667
0.666667	0.000000	0.000000	0.333333
0.111111	0.111111	0.000000	0.777778
0.111111	0.111111	0.222222	0.555556
0.666667	0.111111	0.111111	0.111111
0.111111	0.444444	0.111111	0.333333
>M08447_2.00
0.250000	0.083333	0.083333	0.583333
0.416667	0.166667	0.083333	0.333333
0.000000	0.833333	0.000000	0.166667
0.000000	0.083333	0.000000	0.916667
1.000000	0.000000	0.000000	0.000000
0.083333	0.083333	0.166667	0.666667
0.166667	0.000000	0.083333	0.750000
0.083333	0.166667	0.083333	0.666667
>M08448_2.00
0.166667	0.416667	0.250000	0.166667
0.250000	0.166667	0.250000	0.333333
0.250000	0.166667	0.083333	0.500000
0.166667	0.333333	0.000000	0.500000
0.166667	0.000000	0.000000	0.833333
0.666667	0.000000	0.000000	0.333333
0.083333	0.083333	0.833333	0.000000
0.000000	0.000000	0.000000	1.000000
0.166667	0.000000	0.000000	0.833333
0.000000	0.083333	0.166667	0.750000
0.583333	0.083333	0.083333	0.250000
>M08449_2.00
0.333333	0.000000	0.166667	0.500000
0.166667	0.000000	0.000000	0.833333
0.333333	0.166667	0.000000	0.500000
0.166667	0.166667	0.500000	0.166667
0.000000	0.166667	0.000000	0.833333
0.000000	0.000000	0.000000	1.000000
0.000000	0.166667	0.000000	0.833333
0.833333	0.000000	0.000000	0.166667
0.000000	0.666667	0.000000	0.333333
0.333333	0.000000	0.000000	0.666667
0.666667	0.000000	0.166667	0.166667
>M10365_2.00
0.250000	0.083333	0.250000	0.416667
0.166667	0.250000	0.166667	0.416667
0.000000	0.416667	0.250000	0.333333
0.166667	0.083333	0.166667	0.583333
0.166667	0.083333	0.250000	0.500000
0.250000	0.083333	0.083333	0.583333
0.416667	0.166667	0.083333	0.333333
0.000000	0.833333	0.000000	0.166667
0.000000	0.083333	0.000000	0.916667
1.000000	0.000000	0.000000	0.000000
0.083333	0.083333	0.166667	0.666667
0.166667	0.000000	0.083333	0.750000
0.083333	0.166667	0.083333	0.666667
0.166667	0.166667	0.250000	0.416667
0.083333	0.000000	0.250000	0.666667
0.083333	0.250000	0.083333	0.583333
>M10366_2.00
0.250000	0.083333	0.250000	0.416667
0.166667	0.416667	0.250000	0.166667
0.250000	0.166667	0.250000	0.333333
0.250000	0.166667	0.083333	0.500000
0.166667	0.333333	0.000000	0.500000
0.166667	0.000000	0.000000	0.833333
0.666667	0.000000	0.000000	0.333333
0.083333	0.083333	0.833333	0.000000
0.000000	0.000000	0.000000	1.000000
0.166667	0.000000	0.000000	0.833333
0.000000	0.083333	0.166667	0.750000
0.583333	0.083333	0.083333	0.250000
0.166667	0.250000	0.250000	0.333333
0.166667	0.250000	0.083333	0.500000
0.333333	0.250000	0.166667	0.250000
>M10367_2.00
0.333333	0.000000	0.000000	0.666667
0.166667	0.000000	0.000000	0.833333
0.333333	0.000000	0.166667	0.500000
0.166667	0.166667	0.000000	0.666667
0.166667	0.333333	0.500000	0.000000
0.000000	0.000000	0.000000	1.000000
0.000000	0.000000	0.000000	1.000000
0.000000	0.000000	0.000000	1.000000
0.666667	0.333333	0.000000	0.000000
0.166667	0.333333	0.000000	0.500000
0.333333	0.166667	0.000000	0.500000
0.500000	0.000000	0.166667	0.333333
0.500000	0.000000	0.000000	0.500000
>br_SANGER_10_FBgn0000210
0.083333	0.000000	0.916667	0.000000
1.000000	0.000000	0.000000	0.000000
0.000000	0.000000	0.000000	1.000000
0.000000	0.000000	0.000000	1.000000
1.000000	0.000000	0.000000	0.000000
0.000000	0.083333	0.916667	0.000000
1.000000	0.000000	0.000000	0.000000
>br_SOLEXA_10_FBgn0000210
0.263314	0.257396	0.349112	0.130178
0.244318	0.221591	0.116477	0.417614
0.024862	0.002762	0.950276	0.022099
0.839779	0.058011	0.000000	0.102210
0.011050	0.011050	0.002762	0.975138
0.008287	0.000000	0.000000	0.991713
1.000000	0.000000	0.000000	0.000000
0.000000	0.000000	1.000000	0.000000
0.889503	0.002762	0.102210	0.005525
0.588889	0.150000	0.058333	0.202778
0.433333	0.088889	0.347222	0.130556
>MA0010.1
