MEME version 4

ALPHABET= ACGT

strands: + -

Background letter frequencies (from uniform background):
A 0.25000 C 0.25000 G 0.25000 T 0.25000 

MOTIF CTCF 

letter-probability matrix: alength= 4 w= 11 nsites= 1 E= 0
  0.030400	  0.162700	  0.780900	  0.026000	
  0.004300	  0.835184	  0.000000	  0.160516	
  0.008700	  0.004300	  0.958800	  0.028200	
  0.026003	  0.941494	  0.004300	  0.028203	
  0.000000	  1.000000	  0.000000	  0.000000	
  0.132313	  0.828683	  0.032503	  0.006501	
  0.000000	  0.726627	  0.002200	  0.271173	
  0.000000	  1.000000	  0.000000	  0.000000	
  0.008700	  0.023900	  0.013000	  0.954400	
  0.169200	  0.043400	  0.744000	  0.043400	
  0.000000	  0.442500	  0.529300	  0.028200	

MOTIF KLF10 

letter-probability matrix: alength= 4 w= 9 nsites= 1 E= 0
  0.338566	  0.018698	  0.235676	  0.407059	
  0.020298	  0.002100	  0.976202	  0.001400	
  0.003200	  0.003000	  0.990800	  0.003000	
  0.003200	  0.008300	  0.984800	  0.003700	
  0.063706	  0.441944	  0.002500	  0.491849	
  0.005100	  0.003500	  0.983600	  0.007800	
  0.009700	  0.018400	  0.501700	  0.470200	
  0.060900	  0.010600	  0.899700	  0.028800	
  0.028403	  0.030003	  0.874887	  0.066707	

MOTIF MZF1 

letter-probability matrix: alength= 4 w= 7 nsites= 1 E= 0
  1.000000	  0.000000	  0.000000	  0.000000	
  1.000000	  0.000000	  0.000000	  0.000000	
  1.000000	  0.000000	  0.000000	  0.000000	
  1.000000	  0.000000	  0.000000	  0.000000	
  0.000000	  0.000000	  0.000000	  1.000000	
  0.000000	  0.000000	  1.000000	  0.000000	
  0.000000	  0.245100	  0.754900	  0.000000	

MOTIF YY1 

letter-probability matrix: alength= 4 w= 12 nsites= 1 E= 0
  0.092100	  0.047100	  0.792300	  0.068500	
  0.098500	  0.702400	  0.104900	  0.094200	
  0.214121	  0.539654	  0.188419	  0.057806	
  0.021400	  0.000000	  0.957200	  0.021400	
  0.006401	  0.991499	  0.002100	  0.000000	
  0.000000	  1.000000	  0.000000	  0.000000	
  0.991400	  0.008600	  0.000000	  0.000000	
  0.000000	  0.000000	  0.000000	  1.000000	
  0.062100	  0.419700	  0.280500	  0.237700	
  0.113500	  0.053500	  0.072800	  0.760200	
  0.000000	  0.137000	  0.025700	  0.837300	
  0.169183	  0.085691	  0.496750	  0.248375	

MOTIF ZBTB12 

letter-probability matrix: alength= 4 w= 10 nsites= 1 E= 0
  0.024598	  0.003400	  0.968703	  0.003300	
  0.018900	  0.008100	  0.007800	  0.965200	
  0.020800	  0.002800	  0.010600	  0.965800	
  0.004200	  0.988500	  0.004000	  0.003300	
  0.002200	  0.040900	  0.004900	  0.952000	
  0.977002	  0.007599	  0.010299	  0.005099	
  0.014700	  0.004100	  0.976200	  0.005000	
  0.838200	  0.017700	  0.129900	  0.014200	
  0.169600	  0.146000	  0.086700	  0.597700	
  0.069000	  0.583400	  0.066800	  0.280800	

MOTIF ZBTB18 

letter-probability matrix: alength= 4 w= 9 nsites= 1 E= 0
  0.055800	  0.093000	  0.684500	  0.166700	
  0.018900	  0.980200	  0.000500	  0.000400	
  0.998600	  0.000500	  0.000500	  0.000400	
  0.018900	  0.019000	  0.961700	  0.000400	
  0.018898	  0.924708	  0.055994	  0.000400	
  0.018900	  0.019000	  0.000500	  0.961600	
  0.000400	  0.000500	  0.980200	  0.018900	
  0.055800	  0.684500	  0.148400	  0.111300	
  0.037304	  0.000500	  0.684568	  0.277628	

MOTIF ZFP3 

letter-probability matrix: alength= 4 w= 9 nsites= 1 E= 0
  0.915592	  0.025103	  0.052505	  0.006801	
  0.910909	  0.002300	  0.082192	  0.004600	
  0.000000	  0.997700	  0.000000	  0.002300	
  0.000000	  0.000000	  0.000000	  1.000000	
  0.000000	  0.981700	  0.000000	  0.018300	
  0.000000	  0.947500	  0.006800	  0.045700	
  0.000000	  0.006800	  0.000000	  0.993200	
  0.958900	  0.022800	  0.018300	  0.000000	
  0.022800	  0.411000	  0.036500	  0.529700	

MOTIF ZIC2 

letter-probability matrix: alength= 4 w= 11 nsites= 1 E= 0
  0.051700	  0.510800	  0.219800	  0.217700	
  0.107789	  0.396560	  0.157284	  0.338366	
  0.028000	  0.877200	  0.094800	  0.000000	
  0.148700	  0.793100	  0.002200	  0.056000	
  0.144400	  0.125000	  0.028000	  0.702600	
  0.000000	  0.002200	  0.997800	  0.000000	
  0.000000	  0.853400	  0.146600	  0.000000	
  0.176700	  0.071100	  0.105600	  0.646600	
  0.000000	  0.000000	  1.000000	  0.000000	
  0.282328	  0.137914	  0.331933	  0.247825	
  0.000000	  0.170300	  0.657300	  0.172400	

MOTIF ZNF136 

letter-probability matrix: alength= 4 w= 15 nsites= 1 E= 0
  0.873587	  0.038204	  0.067607	  0.020602	
  0.958800	  0.005900	  0.029400	  0.005900	
  0.817600	  0.041200	  0.076500	  0.064700	
  0.514700	  0.055900	  0.385300	  0.044100	
  0.170600	  0.629400	  0.029400	  0.170600	
  0.032397	  0.097090	  0.020598	  0.849915	
  0.667667	  0.023502	  0.267627	  0.041204	
  0.088200	  0.050000	  0.041200	  0.820600	
  0.044100	  0.735300	  0.094100	  0.126500	
  0.058806	  0.744174	  0.017602	  0.179418	
  0.035300	  0.055900	  0.000000	  0.908800	
  0.014699	  0.011799	  0.026497	  0.947005	
  0.017600	  0.832400	  0.017600	  0.132400	
  0.941200	  0.020600	  0.029400	  0.008800	
  0.502900	  0.032400	  0.311800	  0.152900	

MOTIF ZNF16 

letter-probability matrix: alength= 4 w= 15 nsites= 1 E= 0
  0.032600	  0.822500	  0.018100	  0.126800	
  0.072500	  0.782600	  0.018100	  0.126800	
  0.090600	  0.376800	  0.025400	  0.507200	
  0.058000	  0.097800	  0.181200	  0.663000	
  0.014501	  0.927593	  0.036204	  0.021702	
  0.173900	  0.539900	  0.021700	  0.264500	
  0.663000	  0.047100	  0.246400	  0.043500	
  0.007200	  0.010900	  0.018100	  0.963800	
  0.119588	  0.000000	  0.869513	  0.010899	
  0.032603	  0.007201	  0.956596	  0.003600	
  0.003600	  0.989199	  0.000000	  0.007201	
  0.000000	  0.000000	  0.010900	  0.989100	
  0.000000	  0.978300	  0.021700	  0.000000	
  0.025400	  0.960100	  0.000000	  0.014500	
  0.000000	  0.974600	  0.000000	  0.025400	

MOTIF ZNF189 

letter-probability matrix: alength= 4 w= 7 nsites= 1 E= 0
  0.115900	  0.039300	  0.077600	  0.767200	
  0.039204	  0.077608	  0.077608	  0.805581	
  0.039200	  0.039300	  0.001000	  0.920500	
  0.000900	  0.001000	  0.001000	  0.997100	
  0.039204	  0.958896	  0.001000	  0.000900	
  0.000900	  0.997200	  0.001000	  0.000900	
  0.690600	  0.115900	  0.039300	  0.154200	

MOTIF ZNF200 

letter-probability matrix: alength= 4 w= 6 nsites= 1 E= 0
  1.000000	  0.000000	  0.000000	  0.000000	
  0.000000	  0.589300	  0.000000	  0.410700	
  0.000000	  0.000000	  0.000000	  1.000000	
  0.000000	  0.000000	  0.000000	  1.000000	
  0.000000	  1.000000	  0.000000	  0.000000	
  0.000000	  1.000000	  0.000000	  0.000000	

MOTIF ZNF250 

letter-probability matrix: alength= 4 w= 12 nsites= 1 E= 0
  0.803200	  0.031800	  0.117000	  0.048000	
  0.856514	  0.013499	  0.069293	  0.060694	
  0.875012	  0.018098	  0.014399	  0.092491	
  0.819900	  0.052100	  0.030200	  0.097800	
  0.175718	  0.077308	  0.256026	  0.490949	
  0.029697	  0.131487	  0.032197	  0.806619	
  0.051905	  0.040104	  0.844584	  0.063406	
  0.043400	  0.864800	  0.043400	  0.048400	
  0.755700	  0.112200	  0.090700	  0.041400	
  0.451300	  0.283100	  0.034400	  0.231200	
  0.060094	  0.285471	  0.413359	  0.241076	
  0.391600	  0.134000	  0.406700	  0.067700	

MOTIF ZNF264 

letter-probability matrix: alength= 4 w= 15 nsites= 1 E= 0
  0.802580	  0.031303	  0.081508	  0.084608	
  0.921600	  0.015700	  0.050200	  0.012500	
  0.125387	  0.006299	  0.852615	  0.015698	
  0.021900	  0.000000	  0.943600	  0.034500	
  0.128513	  0.021902	  0.818282	  0.031303	
  0.003100	  0.996900	  0.000000	  0.000000	
  0.887100	  0.025100	  0.087800	  0.000000	
  0.000000	  0.993700	  0.006300	  0.000000	
  0.009399	  0.040796	  0.015698	  0.934107	
  0.934200	  0.015700	  0.028200	  0.021900	
  0.987401	  0.006299	  0.006299	  0.000000	
  0.000000	  0.097200	  0.000000	  0.902800	
  0.034497	  0.789921	  0.025097	  0.150485	
  0.059600	  0.793100	  0.028200	  0.119100	
  0.043900	  0.727300	  0.031300	  0.197500	

MOTIF ZNF273 

letter-probability matrix: alength= 4 w= 9 nsites= 1 E= 0
  0.471300	  0.199200	  0.226000	  0.103500	
  0.294171	  0.180382	  0.446355	  0.079092	
  0.015700	  0.968600	  0.006900	  0.008800	
  0.951200	  0.009400	  0.009800	  0.029600	
  0.007200	  0.179400	  0.757600	  0.055800	
  0.052905	  0.814781	  0.125513	  0.006801	
  0.020400	  0.011700	  0.010200	  0.957700	
  0.006599	  0.009399	  0.974103	  0.009899	
  0.043896	  0.713329	  0.087991	  0.154785	

MOTIF ZNF317 

letter-probability matrix: alength= 4 w= 7 nsites= 1 E= 0
  0.775700	  0.052800	  0.000200	  0.171300	
  0.000400	  0.946400	  0.026500	  0.026700	
  0.854600	  0.052800	  0.000200	  0.092400	
  0.933400	  0.026500	  0.013400	  0.026700	
  0.053000	  0.000200	  0.013400	  0.933400	
  0.315768	  0.079092	  0.499550	  0.105589	
  0.118700	  0.118500	  0.723000	  0.039800	

MOTIF ZNF322 

letter-probability matrix: alength= 4 w= 17 nsites= 1 E= 0
  0.126000	  0.142000	  0.658000	  0.074000	
  0.452000	  0.088000	  0.164000	  0.296000	
  0.090000	  0.062000	  0.686000	  0.162000	
  0.220000	  0.598000	  0.048000	  0.134000	
  0.030000	  0.956000	  0.006000	  0.008000	
  0.074000	  0.072000	  0.004000	  0.850000	
  0.226000	  0.038000	  0.680000	  0.056000	
  0.064000	  0.420000	  0.438000	  0.078000	
  0.064000	  0.092000	  0.076000	  0.768000	
  0.828000	  0.128000	  0.018000	  0.026000	
  0.012000	  0.964000	  0.006000	  0.018000	
  0.370000	  0.084000	  0.168000	  0.378000	
  0.018000	  0.404000	  0.554000	  0.024000	
  0.500000	  0.072000	  0.104000	  0.324000	
  0.062000	  0.034000	  0.834000	  0.070000	
  0.078000	  0.746000	  0.046000	  0.130000	
  0.164000	  0.628000	  0.066000	  0.142000	

MOTIF ZNF33A 

letter-probability matrix: alength= 4 w= 22 nsites= 1 E= 0
  0.662000	  0.060200	  0.277800	  0.000000	
  0.000000	  0.273100	  0.000000	  0.726900	
  0.000000	  1.000000	  0.000000	  0.000000	
  0.000000	  0.055600	  0.000000	  0.944400	
  0.000000	  0.662000	  0.310200	  0.027800	
  0.018500	  0.013900	  0.967600	  0.000000	
  0.000000	  0.000000	  1.000000	  0.000000	
  0.000000	  0.990700	  0.000000	  0.009300	
  0.944494	  0.004600	  0.013901	  0.037004	
  0.000000	  0.990799	  0.004600	  0.004600	
  0.000000	  0.324100	  0.000000	  0.675900	
  0.273127	  0.004600	  0.000000	  0.722272	
  0.004600	  0.078700	  0.000000	  0.916700	
  0.013900	  0.004600	  0.717600	  0.263900	
  0.000000	  0.009300	  0.990700	  0.000000	
  0.277800	  0.000000	  0.722200	  0.000000	
  0.675900	  0.000000	  0.324100	  0.000000	
  0.004600	  0.277800	  0.717600	  0.000000	
  0.268500	  0.004600	  0.726900	  0.000000	
  0.000000	  0.995400	  0.004600	  0.000000	
  0.004600	  0.713000	  0.000000	  0.282400	
  0.666700	  0.004600	  0.328700	  0.000000	

MOTIF ZNF35 

letter-probability matrix: alength= 4 w= 12 nsites= 1 E= 0
  0.905291	  0.058806	  0.026103	  0.009801	
  0.013100	  0.062100	  0.006500	  0.918300	
  1.000000	  0.000000	  0.000000	  0.000000	
  0.042500	  0.019600	  0.003300	  0.934600	
  0.741800	  0.000000	  0.254900	  0.003300	
  0.009800	  0.163400	  0.006500	  0.820300	
  0.973900	  0.009800	  0.016300	  0.000000	
  0.996700	  0.003300	  0.000000	  0.000000	
  0.986999	  0.000000	  0.006501	  0.006501	
  0.055600	  0.000000	  0.934600	  0.009800	
  0.983602	  0.003300	  0.003300	  0.009799	
  0.156900	  0.003300	  0.833300	  0.006500	

MOTIF ZNF382 

letter-probability matrix: alength= 4 w= 12 nsites= 1 E= 0
  0.337100	  0.231000	  0.283200	  0.148700	
  0.346900	  0.236600	  0.257000	  0.159500	
  0.430800	  0.127100	  0.187100	  0.255000	
  0.584400	  0.090100	  0.164500	  0.161000	
  0.588741	  0.225677	  0.088991	  0.096590	
  0.092400	  0.099000	  0.100100	  0.708500	
  0.788679	  0.061106	  0.082308	  0.067907	
  0.736800	  0.033500	  0.093600	  0.136100	
  0.072500	  0.716500	  0.065000	  0.146000	
  0.818200	  0.079700	  0.030200	  0.071900	
  0.602100	  0.146200	  0.097900	  0.153800	
  0.528900	  0.143900	  0.190500	  0.136700	

MOTIF ZNF415 

letter-probability matrix: alength= 4 w= 15 nsites= 1 E= 0
  0.242824	  0.218522	  0.443744	  0.094909	
  0.139086	  0.081692	  0.701930	  0.077292	
  0.337734	  0.055206	  0.565157	  0.041904	
  0.227377	  0.253875	  0.046395	  0.472353	
  0.022098	  0.134687	  0.673233	  0.169983	
  0.357636	  0.589459	  0.041904	  0.011001	
  0.035300	  0.152300	  0.019900	  0.792500	
  0.245000	  0.006600	  0.633600	  0.114800	
  0.000000	  0.000000	  1.000000	  0.000000	
  1.000000	  0.000000	  0.000000	  0.000000	
  0.000000	  0.000000	  1.000000	  0.000000	
  0.141300	  0.759400	  0.057400	  0.041900	
  0.147900	  0.547500	  0.090500	  0.214100	
  0.269327	  0.158916	  0.381938	  0.189819	
  0.150100	  0.229600	  0.503300	  0.117000	

MOTIF ZNF416 

letter-probability matrix: alength= 4 w= 18 nsites= 1 E= 0
  0.150800	  0.011200	  0.832400	  0.005600	
  0.011199	  0.055894	  0.011199	  0.921708	
  0.000000	  0.899490	  0.027903	  0.072607	
  0.949700	  0.033500	  0.011200	  0.005600	
  0.893811	  0.050295	  0.055894	  0.000000	
  0.005600	  0.905000	  0.016800	  0.072600	
  0.011200	  0.022300	  0.050300	  0.916200	
  0.000000	  0.000000	  0.011200	  0.988800	
  0.016800	  0.000000	  0.983200	  0.000000	
  0.860300	  0.100600	  0.033500	  0.005600	
  0.027900	  0.832400	  0.005600	  0.134100	
  0.000000	  0.000000	  0.000000	  1.000000	
  0.033500	  0.000000	  0.955300	  0.011200	
  0.039100	  0.000000	  0.960900	  0.000000	
  0.072600	  0.000000	  0.927400	  0.000000	
  0.000000	  0.949700	  0.005600	  0.044700	
  0.005600	  0.715100	  0.000000	  0.279300	
  0.921800	  0.016800	  0.027900	  0.033500	

MOTIF ZNF41 

letter-probability matrix: alength= 4 w= 15 nsites= 1 E= 0
  0.114989	  0.002200	  0.854615	  0.028197	
  0.136700	  0.062900	  0.746200	  0.054200	
  0.477200	  0.004300	  0.516300	  0.002200	
  0.956600	  0.000000	  0.036900	  0.006500	
  0.496700	  0.058600	  0.431700	  0.013000	
  0.216900	  0.216900	  0.102000	  0.464200	
  0.472900	  0.169200	  0.206100	  0.151800	
  0.555356	  0.145315	  0.195220	  0.104110	
  0.364400	  0.043400	  0.492400	  0.099800	
  0.219078	  0.255974	  0.388261	  0.136686	
  0.099790	  0.735326	  0.093291	  0.071593	
  0.993500	  0.000000	  0.006500	  0.000000	
  0.017400	  0.954400	  0.028200	  0.000000	
  0.186600	  0.744000	  0.008700	  0.060700	
  0.876312	  0.017398	  0.093291	  0.012999	

MOTIF ZNF454 

letter-probability matrix: alength= 4 w= 7 nsites= 1 E= 0
  1.000000	  0.000000	  0.000000	  0.000000	
  1.000000	  0.000000	  0.000000	  0.000000	
  0.464800	  0.000000	  0.535200	  0.000000	
  0.000000	  0.000000	  1.000000	  0.000000	
  0.000000	  1.000000	  0.000000	  0.000000	
  0.570400	  0.000000	  0.000000	  0.429600	
  0.000000	  1.000000	  0.000000	  0.000000	

MOTIF ZNF45 

letter-probability matrix: alength= 4 w= 15 nsites= 1 E= 0
  0.876300	  0.020600	  0.103100	  0.000000	
  0.041200	  0.206200	  0.020600	  0.732000	
  0.969100	  0.010300	  0.020600	  0.000000	
  0.881400	  0.015500	  0.041200	  0.061900	
  0.015498	  0.969003	  0.000000	  0.015498	
  0.866000	  0.036100	  0.010300	  0.087600	
  0.469100	  0.051500	  0.433000	  0.046400	
  0.984500	  0.000000	  0.005200	  0.010300	
  0.969003	  0.005199	  0.000000	  0.025797	
  0.005199	  0.133987	  0.025797	  0.835016	
  0.041200	  0.927800	  0.015500	  0.015500	
  0.020600	  0.835100	  0.000000	  0.144300	
  0.963900	  0.000000	  0.020600	  0.015500	
  0.067000	  0.036100	  0.876300	  0.020600	
  0.639200	  0.170100	  0.041200	  0.149500	

MOTIF ZNF467 

letter-probability matrix: alength= 4 w= 9 nsites= 1 E= 0
  0.222900	  0.077100	  0.652100	  0.047900	
  0.102100	  0.014600	  0.833300	  0.050000	
  0.062500	  0.004200	  0.912500	  0.020800	
  0.054200	  0.031200	  0.914600	  0.000000	
  0.914600	  0.025000	  0.000000	  0.060400	
  0.116688	  0.004200	  0.849915	  0.029197	
  0.100000	  0.022900	  0.877100	  0.000000	
  0.170817	  0.043704	  0.764676	  0.020802	
  0.229177	  0.129187	  0.604140	  0.037496	

MOTIF ZNF519 

letter-probability matrix: alength= 4 w= 8 nsites= 1 E= 0
  0.144400	  0.848600	  0.003500	  0.003500	
  0.003500	  0.003500	  0.989499	  0.003500	
  0.003500	  0.003500	  0.989499	  0.003500	
  0.989500	  0.003500	  0.003500	  0.003500	
  0.989500	  0.003500	  0.003500	  0.003500	
  0.003500	  0.003500	  0.989499	  0.003500	
  0.426057	  0.144386	  0.144386	  0.285171	
  0.003500	  0.285200	  0.566900	  0.144400	

MOTIF ZNF528 

letter-probability matrix: alength= 4 w= 9 nsites= 1 E= 0
  0.020300	  0.000000	  0.977400	  0.002300	
  0.051900	  0.002300	  0.945800	  0.000000	
  1.000000	  0.000000	  0.000000	  0.000000	
  0.957004	  0.006799	  0.033897	  0.002300	
  0.002300	  0.000000	  0.997700	  0.000000	
  0.047400	  0.562100	  0.070000	  0.320500	
  0.040600	  0.945800	  0.002300	  0.011300	
  0.979700	  0.000000	  0.020300	  0.000000	
  0.009001	  0.051905	  0.004500	  0.934593	

MOTIF ZNF574 

letter-probability matrix: alength= 4 w= 9 nsites= 1 E= 0
  0.203080	  0.596340	  0.125987	  0.074593	
  0.079700	  0.817500	  0.033400	  0.069400	
  0.133700	  0.159400	  0.383000	  0.323900	
  0.015400	  0.902300	  0.012900	  0.069400	
  0.000000	  0.007700	  0.020600	  0.971700	
  0.000000	  0.992300	  0.007700	  0.000000	
  0.000000	  0.000000	  0.000000	  1.000000	
  0.794300	  0.012900	  0.172200	  0.020600	
  0.000000	  0.038600	  0.737800	  0.223600	

MOTIF ZNF621 

letter-probability matrix: alength= 4 w= 15 nsites= 1 E= 0
  0.657300	  0.092200	  0.158300	  0.092200	
  0.607261	  0.124212	  0.154315	  0.114211	
  0.583200	  0.114200	  0.196400	  0.106200	
  0.320600	  0.184400	  0.402800	  0.092200	
  0.104200	  0.086200	  0.254500	  0.555100	
  0.106200	  0.685400	  0.102200	  0.106200	
  0.106211	  0.611261	  0.110211	  0.172317	
  0.022002	  0.905891	  0.012001	  0.060106	
  0.893800	  0.016000	  0.050100	  0.040100	
  0.114200	  0.008000	  0.843700	  0.034100	
  0.158316	  0.018002	  0.821682	  0.002000	
  0.086200	  0.074100	  0.785600	  0.054100	
  0.364736	  0.497050	  0.070107	  0.068107	
  0.761576	  0.060106	  0.056106	  0.122212	
  0.184400	  0.092200	  0.701400	  0.022000	

MOTIF ZNF653 

letter-probability matrix: alength= 4 w= 24 nsites= 1 E= 0
  0.314800	  0.407400	  0.074100	  0.203700	
  0.351900	  0.074100	  0.129600	  0.444400	
  0.129600	  0.037000	  0.055600	  0.777800	
  0.407400	  0.074100	  0.018500	  0.500000	
  0.518448	  0.055594	  0.166683	  0.259274	
  0.351900	  0.129600	  0.277800	  0.240700	
  0.296330	  0.037004	  0.148115	  0.518552	
  0.166700	  0.000000	  0.833300	  0.000000	
  0.092600	  0.037000	  0.000000	  0.870400	
  0.037004	  0.944494	  0.018502	  0.000000	
  0.000000	  0.000000	  0.907400	  0.092600	
  0.000000	  0.000000	  1.000000	  0.000000	
  0.407400	  0.574100	  0.018500	  0.000000	
  0.277772	  0.000000	  0.555544	  0.166683	
  0.018502	  0.111111	  0.833383	  0.037004	
  0.537054	  0.111111	  0.129613	  0.222222	
  0.203700	  0.388900	  0.074100	  0.333300	
  0.629663	  0.037004	  0.203720	  0.129613	
  0.370400	  0.185200	  0.222200	  0.222200	
  0.407400	  0.074100	  0.203700	  0.314800	
  0.740700	  0.000000	  0.074100	  0.185200	
  0.722200	  0.000000	  0.092600	  0.185200	
  0.574043	  0.055594	  0.055594	  0.314769	
  0.222200	  0.166700	  0.129600	  0.481500	

MOTIF ZNF669 

letter-probability matrix: alength= 4 w= 7 nsites= 1 E= 0
  0.000000	  0.000000	  1.000000	  0.000000	
  0.000000	  0.000000	  0.000000	  1.000000	
  0.000000	  1.000000	  0.000000	  0.000000	
  0.779500	  0.000000	  0.220500	  0.000000	
  0.000000	  0.000000	  0.000000	  1.000000	
  0.000000	  1.000000	  0.000000	  0.000000	
  0.456300	  0.000000	  0.543700	  0.000000	

MOTIF ZNF675 

letter-probability matrix: alength= 4 w= 14 nsites= 1 E= 0
  0.056300	  0.014600	  0.926200	  0.002900	
  0.004500	  0.007799	  0.983702	  0.004000	
  0.936200	  0.058800	  0.002400	  0.002600	
  0.004400	  0.004000	  0.002400	  0.989200	
  0.013299	  0.008199	  0.002000	  0.976502	
  0.968100	  0.002300	  0.002900	  0.026700	
  0.397600	  0.052000	  0.350800	  0.199600	
  0.000000	  0.000000	  1.000000	  0.000000	
  1.000000	  0.000000	  0.000000	  0.000000	
  0.000000	  0.000000	  1.000000	  0.000000	
  0.000000	  0.000000	  1.000000	  0.000000	
  1.000000	  0.000000	  0.000000	  0.000000	
  0.000000	  1.000000	  0.000000	  0.000000	
  1.000000	  0.000000	  0.000000	  0.000000	

MOTIF ZNF684 

letter-probability matrix: alength= 4 w= 14 nsites= 1 E= 0
  0.872087	  0.032703	  0.074407	  0.020802	
  0.836384	  0.020802	  0.047605	  0.095210	
  0.000000	  0.000000	  1.000000	  0.000000	
  0.116100	  0.000000	  0.883900	  0.000000	
  0.038700	  0.014900	  0.922600	  0.023800	
  0.020800	  0.032700	  0.943500	  0.003000	
  0.125000	  0.059500	  0.000000	  0.815500	
  0.035700	  0.000000	  0.955400	  0.008900	
  0.003000	  0.005999	  0.985001	  0.005999	
  0.982100	  0.014900	  0.003000	  0.000000	
  0.050600	  0.866100	  0.059500	  0.023800	
  0.059506	  0.056506	  0.044604	  0.839384	
  0.053600	  0.047600	  0.869000	  0.029800	
  0.044604	  0.056506	  0.077408	  0.821482	

MOTIF ZNF692 

letter-probability matrix: alength= 4 w= 13 nsites= 1 E= 0
  0.172100	  0.022400	  0.506200	  0.299300	
  0.027403	  0.027403	  0.945195	  0.000000	
  0.000000	  0.052400	  0.000000	  0.947600	
  0.000000	  0.000000	  1.000000	  0.000000	
  0.000000	  0.005000	  0.995000	  0.000000	
  0.049895	  0.002500	  0.940106	  0.007499	
  0.092300	  0.578600	  0.224400	  0.104700	
  0.000000	  1.000000	  0.000000	  0.000000	
  0.000000	  1.000000	  0.000000	  0.000000	
  0.137186	  0.688231	  0.094791	  0.079792	
  0.346600	  0.174600	  0.386500	  0.092300	
  0.079808	  0.501250	  0.301730	  0.117212	
  0.132187	  0.401460	  0.219478	  0.246875	

MOTIF ZNF71 

letter-probability matrix: alength= 4 w= 11 nsites= 1 E= 0
  0.332867	  0.067793	  0.597540	  0.001800	
  0.134200	  0.001500	  0.862500	  0.001800	
  0.730273	  0.001500	  0.266427	  0.001800	
  0.995200	  0.001500	  0.001500	  0.001800	
  0.928900	  0.067800	  0.001500	  0.001800	
  0.531600	  0.200200	  0.200200	  0.068000	
  0.068000	  0.398900	  0.134000	  0.399100	
  0.001800	  0.001500	  0.994900	  0.001800	
  0.995200	  0.001500	  0.001500	  0.001800	
  0.995200	  0.001500	  0.001500	  0.001800	
  0.995200	  0.001500	  0.001500	  0.001800	

MOTIF ZSCAN22 

letter-probability matrix: alength= 4 w= 15 nsites= 1 E= 0
  0.046000	  0.834000	  0.040000	  0.080000	
  0.014000	  0.910000	  0.016000	  0.060000	
  0.042000	  0.046000	  0.134000	  0.778000	
  0.032000	  0.940000	  0.014000	  0.014000	
  0.006000	  0.798000	  0.004000	  0.192000	
  0.102000	  0.118000	  0.242000	  0.538000	
  0.014000	  0.974000	  0.002000	  0.010000	
  0.004000	  0.934000	  0.012000	  0.050000	
  0.378000	  0.476000	  0.090000	  0.056000	
  0.020000	  0.042000	  0.002000	  0.936000	
  0.014000	  0.926000	  0.000000	  0.060000	
  0.532000	  0.032000	  0.140000	  0.296000	
  0.046000	  0.082000	  0.844000	  0.028000	
  0.686000	  0.098000	  0.100000	  0.116000	
  0.064000	  0.736000	  0.044000	  0.156000	

MOTIF ZSCAN31 

letter-probability matrix: alength= 4 w= 12 nsites= 1 E= 0
  0.572300	  0.178400	  0.085400	  0.163900	
  0.507951	  0.299030	  0.047805	  0.145215	
  0.779100	  0.036900	  0.133600	  0.050400	
  0.906400	  0.019100	  0.067200	  0.007300	
  0.185700	  0.441800	  0.168500	  0.204000	
  0.005399	  0.935406	  0.002000	  0.057194	
  0.949300	  0.005300	  0.037900	  0.007500	
  0.959100	  0.007700	  0.002300	  0.030900	
  0.004200	  0.003200	  0.003300	  0.989299	
  0.004000	  0.005000	  0.002900	  0.988100	
  0.982398	  0.001800	  0.004400	  0.011401	
  0.726100	  0.024300	  0.142000	  0.107600	

