MEME version 4

ALPHABET= ACGT

strands: + -

Background letter frequencies (from uniform background):
A 0.25000 C 0.25000 G 0.25000 T 0.25000 

MOTIF ARNTL_CLOCK 

letter-probability matrix: alength= 4 w= 10 nsites= 1 E= 0
  0.255000	  0.194000	  0.265000	  0.286000	
  0.284284	  0.175175	  0.453453	  0.087087	
  0.153153	  0.073073	  0.158158	  0.615616	
  0.008000	  0.980000	  0.005000	  0.007000	
  0.924000	  0.029000	  0.014000	  0.033000	
  0.011988	  0.937063	  0.013986	  0.036963	
  0.075924	  0.019980	  0.898102	  0.005994	
  0.038000	  0.054000	  0.035000	  0.873000	
  0.005000	  0.009000	  0.895000	  0.091000	
  0.316000	  0.298000	  0.139000	  0.247000	

MOTIF CEBPB 

letter-probability matrix: alength= 4 w= 11 nsites= 1 E= 0
  0.119000	  0.119000	  0.318000	  0.444000	
  0.572428	  0.095904	  0.313686	  0.017982	
  0.003000	  0.001000	  0.003000	  0.993000	
  0.004995	  0.002997	  0.057942	  0.934066	
  0.266266	  0.001001	  0.629630	  0.103103	
  0.011011	  0.890891	  0.023023	  0.075075	
  0.100000	  0.016000	  0.856000	  0.028000	
  0.123876	  0.525475	  0.001998	  0.348651	
  0.907000	  0.086000	  0.004000	  0.003000	
  0.992000	  0.002000	  0.001000	  0.005000	
  0.026026	  0.297297	  0.117117	  0.559560	

MOTIF CTCF 

letter-probability matrix: alength= 4 w= 17 nsites= 1 E= 0
  0.312000	  0.210000	  0.106000	  0.372000	
  0.627373	  0.039960	  0.153846	  0.178821	
  0.063000	  0.070000	  0.779000	  0.088000	
  0.135864	  0.018981	  0.802198	  0.042957	
  0.057000	  0.154000	  0.665000	  0.124000	
  0.015000	  0.040000	  0.927000	  0.018000	
  0.034000	  0.109000	  0.803000	  0.054000	
  0.142857	  0.642358	  0.133866	  0.080919	
  0.151000	  0.053000	  0.771000	  0.025000	
  0.080000	  0.507000	  0.251000	  0.162000	
  0.175000	  0.179000	  0.181000	  0.465000	
  0.347652	  0.195804	  0.338661	  0.117882	
  0.143000	  0.099000	  0.363000	  0.395000	
  0.276276	  0.204204	  0.203203	  0.316316	
  0.189000	  0.215000	  0.421000	  0.175000	
  0.184184	  0.264264	  0.406406	  0.145145	
  0.239000	  0.159000	  0.448000	  0.154000	

MOTIF EN1 

letter-probability matrix: alength= 4 w= 8 nsites= 1 E= 0
  0.405000	  0.180000	  0.369000	  0.046000	
  0.171828	  0.351648	  0.183816	  0.292707	
  0.007000	  0.323000	  0.002000	  0.668000	
  0.958000	  0.009000	  0.026000	  0.007000	
  0.993994	  0.002002	  0.002002	  0.002002	
  0.002000	  0.002000	  0.002000	  0.994000	
  0.007000	  0.062000	  0.008000	  0.923000	
  0.826000	  0.002000	  0.160000	  0.012000	

MOTIF FLI1 

letter-probability matrix: alength= 4 w= 10 nsites= 1 E= 0
  0.176000	  0.354000	  0.152000	  0.318000	
  0.658000	  0.064000	  0.213000	  0.065000	
  0.021000	  0.511000	  0.036000	  0.432000	
  0.248000	  0.001000	  0.009000	  0.742000	
  0.002000	  0.001000	  0.001000	  0.996000	
  0.001000	  0.997000	  0.001000	  0.001000	
  0.001000	  0.997000	  0.001000	  0.001000	
  0.001000	  0.011000	  0.796000	  0.192000	
  0.043000	  0.132000	  0.705000	  0.120000	
  0.154000	  0.193000	  0.076000	  0.577000	

MOTIF FOSL2 

letter-probability matrix: alength= 4 w= 8 nsites= 1 E= 0
  0.533000	  0.091000	  0.331000	  0.045000	
  0.048000	  0.073000	  0.029000	  0.850000	
  0.116116	  0.047047	  0.682683	  0.154154	
  0.803000	  0.073000	  0.040000	  0.084000	
  0.183000	  0.377000	  0.287000	  0.153000	
  0.118000	  0.039000	  0.161000	  0.682000	
  0.178000	  0.623000	  0.053000	  0.146000	
  0.792000	  0.039000	  0.088000	  0.081000	

MOTIF FOSL2 

letter-probability matrix: alength= 4 w= 10 nsites= 1 E= 0
  0.552000	  0.116000	  0.289000	  0.043000	
  0.021000	  0.095000	  0.028000	  0.856000	
  0.027000	  0.021000	  0.793000	  0.159000	
  0.879000	  0.028000	  0.043000	  0.050000	
  0.031031	  0.818819	  0.029029	  0.121121	
  0.120000	  0.025000	  0.822000	  0.033000	
  0.048000	  0.039000	  0.032000	  0.881000	
  0.157842	  0.788212	  0.024975	  0.028971	
  0.854000	  0.024000	  0.100000	  0.022000	
  0.042000	  0.285000	  0.120000	  0.553000	

MOTIF FOXP2 

letter-probability matrix: alength= 4 w= 10 nsites= 1 E= 0
  0.342000	  0.137000	  0.188000	  0.333000	
  0.247000	  0.204000	  0.232000	  0.317000	
  0.236763	  0.100899	  0.097902	  0.564436	
  0.040040	  0.017017	  0.046046	  0.896897	
  0.316000	  0.009000	  0.650000	  0.025000	
  0.040000	  0.022000	  0.029000	  0.909000	
  0.056000	  0.017000	  0.093000	  0.834000	
  0.043000	  0.009000	  0.163000	  0.785000	
  0.779000	  0.016000	  0.065000	  0.140000	
  0.079000	  0.527000	  0.056000	  0.338000	

MOTIF GABPA 

letter-probability matrix: alength= 4 w= 11 nsites= 1 E= 0
  0.488511	  0.118881	  0.266733	  0.125874	
  0.147147	  0.625626	  0.179179	  0.048048	
  0.173173	  0.817818	  0.008008	  0.001001	
  0.000999	  0.000999	  0.997003	  0.000999	
  0.000999	  0.000999	  0.997003	  0.000999	
  0.996000	  0.001000	  0.001000	  0.002000	
  0.685000	  0.016000	  0.001000	  0.298000	
  0.355000	  0.073000	  0.562000	  0.010000	
  0.085085	  0.207207	  0.078078	  0.629630	
  0.327000	  0.171000	  0.302000	  0.200000	
  0.292000	  0.221000	  0.310000	  0.177000	

MOTIF GATA3 

letter-probability matrix: alength= 4 w= 8 nsites= 1 E= 0
  0.502000	  0.226000	  0.001000	  0.271000	
  0.000000	  0.000000	  1.000000	  0.000000	
  1.000000	  0.000000	  0.000000	  0.000000	
  0.000000	  0.000000	  0.000000	  1.000000	
  0.914915	  0.002002	  0.000000	  0.083083	
  0.862000	  0.015000	  0.076000	  0.047000	
  0.114000	  0.301000	  0.476000	  0.109000	
  0.423000	  0.188000	  0.321000	  0.068000	

MOTIF GCM1 

letter-probability matrix: alength= 4 w= 9 nsites= 1 E= 0
  0.109109	  0.307307	  0.132132	  0.451451	
  0.624000	  0.005000	  0.365000	  0.006000	
  0.000000	  1.000000	  0.000000	  0.000000	
  0.000000	  1.000000	  0.000000	  0.000000	
  0.129000	  0.842000	  0.001000	  0.028000	
  0.026000	  0.057000	  0.839000	  0.078000	
  0.000000	  0.741000	  0.036000	  0.223000	
  0.995000	  0.000000	  0.003000	  0.002000	
  0.003000	  0.133000	  0.140000	  0.724000	

MOTIF JUNB 

letter-probability matrix: alength= 4 w= 8 nsites= 1 E= 0
  0.597403	  0.153846	  0.198801	  0.049950	
  0.026973	  0.021978	  0.018981	  0.932068	
  0.013986	  0.078921	  0.752248	  0.154845	
  0.945000	  0.016000	  0.017000	  0.022000	
  0.043000	  0.686000	  0.178000	  0.093000	
  0.062000	  0.019000	  0.207000	  0.712000	
  0.156000	  0.708000	  0.044000	  0.092000	
  0.872000	  0.026000	  0.054000	  0.048000	

MOTIF JUNB 

letter-probability matrix: alength= 4 w= 10 nsites= 1 E= 0
  0.528000	  0.102000	  0.274000	  0.096000	
  0.043000	  0.025000	  0.036000	  0.896000	
  0.031031	  0.069069	  0.608609	  0.291291	
  0.850000	  0.020000	  0.066000	  0.064000	
  0.030000	  0.825000	  0.061000	  0.084000	
  0.082917	  0.057942	  0.827173	  0.031968	
  0.062000	  0.063000	  0.023000	  0.852000	
  0.290000	  0.605000	  0.072000	  0.033000	
  0.893107	  0.032967	  0.028971	  0.044955	
  0.094905	  0.270729	  0.104895	  0.529471	

MOTIF JUNB_FOSB 

letter-probability matrix: alength= 4 w= 10 nsites= 1 E= 0
  0.119000	  0.182000	  0.429000	  0.270000	
  0.598000	  0.061000	  0.321000	  0.020000	
  0.001000	  0.000000	  0.001000	  0.998000	
  0.001000	  0.000000	  0.980000	  0.019000	
  0.997000	  0.001000	  0.001000	  0.001000	
  0.034000	  0.596000	  0.309000	  0.061000	
  0.002000	  0.001000	  0.039000	  0.958000	
  0.190809	  0.807193	  0.000999	  0.000999	
  0.998000	  0.000000	  0.001000	  0.001000	
  0.037000	  0.259000	  0.126000	  0.578000	

MOTIF JUNB_FOSB 

letter-probability matrix: alength= 4 w= 10 nsites= 1 E= 0
  0.561000	  0.059000	  0.368000	  0.012000	
  0.030030	  0.036036	  0.016016	  0.917918	
  0.012987	  0.045954	  0.699301	  0.241758	
  0.868132	  0.043956	  0.059940	  0.027972	
  0.030000	  0.842000	  0.027000	  0.101000	
  0.052000	  0.035000	  0.893000	  0.020000	
  0.056000	  0.080000	  0.028000	  0.836000	
  0.173000	  0.776000	  0.036000	  0.015000	
  0.923000	  0.016000	  0.030000	  0.031000	
  0.011000	  0.260000	  0.065000	  0.664000	

MOTIF JUNB_FOSL1 

letter-probability matrix: alength= 4 w= 13 nsites= 1 E= 0
  0.236763	  0.268731	  0.194805	  0.299700	
  0.215784	  0.145854	  0.375624	  0.262737	
  0.566000	  0.100000	  0.287000	  0.047000	
  0.023000	  0.016000	  0.016000	  0.945000	
  0.036000	  0.021000	  0.880000	  0.063000	
  0.917000	  0.020000	  0.021000	  0.042000	
  0.063000	  0.626000	  0.198000	  0.113000	
  0.059000	  0.023000	  0.115000	  0.803000	
  0.271000	  0.683000	  0.009000	  0.037000	
  0.904000	  0.021000	  0.038000	  0.037000	
  0.053000	  0.225000	  0.170000	  0.552000	
  0.300000	  0.298000	  0.204000	  0.198000	
  0.247000	  0.300000	  0.223000	  0.230000	

MOTIF JUNB_FOSL2 

letter-probability matrix: alength= 4 w= 10 nsites= 1 E= 0
  0.151151	  0.164164	  0.407407	  0.277277	
  0.620380	  0.052947	  0.313686	  0.012987	
  0.000000	  0.000000	  0.000000	  1.000000	
  0.000000	  0.000000	  0.985986	  0.014014	
  1.000000	  0.000000	  0.000000	  0.000000	
  0.054054	  0.568569	  0.292292	  0.085085	
  0.001000	  0.000000	  0.026000	  0.973000	
  0.168168	  0.831832	  0.000000	  0.000000	
  1.000000	  0.000000	  0.000000	  0.000000	
  0.035000	  0.251000	  0.112000	  0.602000	

MOTIF JUNB_FOSL2 

letter-probability matrix: alength= 4 w= 12 nsites= 1 E= 0
  0.227227	  0.150150	  0.359359	  0.263263	
  0.638000	  0.065000	  0.268000	  0.029000	
  0.008000	  0.017000	  0.006000	  0.969000	
  0.012000	  0.021000	  0.780000	  0.187000	
  0.972000	  0.005000	  0.013000	  0.010000	
  0.010000	  0.899000	  0.017000	  0.074000	
  0.074000	  0.016000	  0.900000	  0.010000	
  0.010000	  0.012000	  0.006000	  0.972000	
  0.186000	  0.778000	  0.023000	  0.013000	
  0.968000	  0.005000	  0.019000	  0.008000	
  0.028000	  0.266000	  0.067000	  0.639000	
  0.263000	  0.358000	  0.151000	  0.228000	

MOTIF JUNB_FOS 

letter-probability matrix: alength= 4 w= 12 nsites= 1 E= 0
  0.174000	  0.168000	  0.372000	  0.286000	
  0.592408	  0.104895	  0.266733	  0.035964	
  0.000999	  0.000999	  0.000999	  0.997003	
  0.000999	  0.000999	  0.867133	  0.130869	
  0.965000	  0.030000	  0.001000	  0.004000	
  0.048000	  0.309000	  0.618000	  0.025000	
  0.000999	  0.000999	  0.002997	  0.995005	
  0.027000	  0.971000	  0.001000	  0.001000	
  0.997003	  0.000999	  0.000999	  0.000999	
  0.007000	  0.284000	  0.051000	  0.658000	
  0.275000	  0.363000	  0.178000	  0.184000	
  0.283283	  0.304304	  0.256256	  0.156156	

MOTIF JUND 

letter-probability matrix: alength= 4 w= 10 nsites= 1 E= 0
  0.237237	  0.119119	  0.323323	  0.320320	
  0.607000	  0.095000	  0.256000	  0.042000	
  0.014000	  0.020000	  0.030000	  0.936000	
  0.041000	  0.032000	  0.889000	  0.038000	
  0.638639	  0.319319	  0.015015	  0.027027	
  0.075000	  0.073000	  0.816000	  0.036000	
  0.016000	  0.014000	  0.019000	  0.951000	
  0.075000	  0.888000	  0.013000	  0.024000	
  0.938000	  0.014000	  0.034000	  0.014000	
  0.017000	  0.212000	  0.070000	  0.701000	

MOTIF JUND 

letter-probability matrix: alength= 4 w= 11 nsites= 1 E= 0
  0.580420	  0.134865	  0.181818	  0.102897	
  0.052000	  0.044000	  0.044000	  0.860000	
  0.061000	  0.053000	  0.791000	  0.095000	
  0.844845	  0.026026	  0.079079	  0.050050	
  0.052000	  0.680000	  0.138000	  0.130000	
  0.081000	  0.044000	  0.779000	  0.096000	
  0.063063	  0.085085	  0.035035	  0.816817	
  0.398000	  0.451000	  0.104000	  0.047000	
  0.794206	  0.046953	  0.056943	  0.101898	
  0.176823	  0.198801	  0.152847	  0.471528	
  0.224000	  0.398000	  0.169000	  0.209000	

MOTIF JUND_FOSB 

letter-probability matrix: alength= 4 w= 11 nsites= 1 E= 0
  0.201000	  0.227000	  0.208000	  0.364000	
  0.471528	  0.077922	  0.203796	  0.246753	
  0.082917	  0.074925	  0.040959	  0.801199	
  0.209000	  0.064000	  0.499000	  0.228000	
  0.714000	  0.098000	  0.076000	  0.112000	
  0.190809	  0.561439	  0.069930	  0.177822	
  0.242242	  0.072072	  0.080080	  0.605606	
  0.260000	  0.433000	  0.068000	  0.239000	
  0.684000	  0.084000	  0.132000	  0.100000	
  0.209000	  0.159000	  0.099000	  0.533000	
  0.371000	  0.186000	  0.162000	  0.281000	

MOTIF JUND_FOSL1 

letter-probability matrix: alength= 4 w= 10 nsites= 1 E= 0
  0.265000	  0.221000	  0.279000	  0.235000	
  0.551000	  0.127000	  0.282000	  0.040000	
  0.030000	  0.023000	  0.034000	  0.913000	
  0.022000	  0.061000	  0.777000	  0.140000	
  0.864865	  0.012012	  0.082082	  0.041041	
  0.048951	  0.580420	  0.190809	  0.179820	
  0.098098	  0.045045	  0.187187	  0.669670	
  0.270000	  0.641000	  0.025000	  0.064000	
  0.912000	  0.040000	  0.017000	  0.031000	
  0.174000	  0.212000	  0.144000	  0.470000	

MOTIF JUND_FOSL1 

letter-probability matrix: alength= 4 w= 10 nsites= 1 E= 0
  0.561000	  0.075000	  0.324000	  0.040000	
  0.036000	  0.050000	  0.044000	  0.870000	
  0.039039	  0.101101	  0.777778	  0.082082	
  0.870000	  0.045000	  0.041000	  0.044000	
  0.032032	  0.835836	  0.064064	  0.068068	
  0.116000	  0.059000	  0.649000	  0.176000	
  0.117000	  0.262000	  0.039000	  0.582000	
  0.546000	  0.330000	  0.083000	  0.041000	
  0.645646	  0.066066	  0.100100	  0.188188	
  0.123000	  0.401000	  0.082000	  0.394000	

MOTIF JUND_FOSL2 

letter-probability matrix: alength= 4 w= 10 nsites= 1 E= 0
  0.136863	  0.142857	  0.445554	  0.274725	
  0.634635	  0.060060	  0.291291	  0.014014	
  0.000000	  0.000000	  0.000000	  1.000000	
  0.000000	  0.000000	  0.990000	  0.010000	
  0.998999	  0.001001	  0.000000	  0.000000	
  0.046000	  0.604000	  0.292000	  0.058000	
  0.006000	  0.000000	  0.060000	  0.934000	
  0.140000	  0.860000	  0.000000	  0.000000	
  1.000000	  0.000000	  0.000000	  0.000000	
  0.038000	  0.266000	  0.113000	  0.583000	

MOTIF JUND_FOSL2 

letter-probability matrix: alength= 4 w= 15 nsites= 1 E= 0
  0.198000	  0.177000	  0.286000	  0.339000	
  0.219000	  0.189000	  0.340000	  0.252000	
  0.558442	  0.044955	  0.339660	  0.056943	
  0.026000	  0.027000	  0.010000	  0.937000	
  0.007007	  0.046046	  0.678679	  0.268268	
  0.943000	  0.006000	  0.031000	  0.020000	
  0.012012	  0.911912	  0.035035	  0.041041	
  0.134865	  0.014985	  0.822178	  0.027972	
  0.028000	  0.012000	  0.010000	  0.950000	
  0.032967	  0.941059	  0.014985	  0.010989	
  0.972000	  0.006000	  0.011000	  0.011000	
  0.023000	  0.345000	  0.055000	  0.577000	
  0.217000	  0.434000	  0.104000	  0.245000	
  0.162000	  0.222000	  0.416000	  0.200000	
  0.248000	  0.288000	  0.241000	  0.223000	

MOTIF JUND_FOS 

letter-probability matrix: alength= 4 w= 13 nsites= 1 E= 0
  0.183000	  0.244000	  0.315000	  0.258000	
  0.181818	  0.166833	  0.388611	  0.262737	
  0.592408	  0.103896	  0.265734	  0.037962	
  0.000000	  0.001000	  0.000000	  0.999000	
  0.000000	  0.000000	  0.871000	  0.129000	
  0.894000	  0.091000	  0.000000	  0.015000	
  0.074925	  0.039960	  0.866134	  0.018981	
  0.000000	  0.000000	  0.000000	  1.000000	
  0.029029	  0.970971	  0.000000	  0.000000	
  1.000000	  0.000000	  0.000000	  0.000000	
  0.021000	  0.290000	  0.077000	  0.612000	
  0.250000	  0.370000	  0.195000	  0.185000	
  0.264000	  0.264000	  0.292000	  0.180000	

MOTIF JUN 

letter-probability matrix: alength= 4 w= 11 nsites= 1 E= 0
  0.135000	  0.200000	  0.309000	  0.356000	
  0.841000	  0.023000	  0.116000	  0.020000	
  0.008000	  0.005000	  0.011000	  0.976000	
  0.016000	  0.006000	  0.927000	  0.051000	
  0.679000	  0.303000	  0.007000	  0.011000	
  0.019000	  0.026000	  0.939000	  0.016000	
  0.007000	  0.008000	  0.009000	  0.976000	
  0.017000	  0.963000	  0.009000	  0.011000	
  0.976977	  0.006006	  0.008008	  0.009009	
  0.021021	  0.202202	  0.068068	  0.708709	
  0.200000	  0.439000	  0.191000	  0.170000	

MOTIF JUN 

letter-probability matrix: alength= 4 w= 17 nsites= 1 E= 0
  0.367632	  0.243756	  0.182817	  0.205794	
  0.222222	  0.167167	  0.203203	  0.407407	
  0.299000	  0.152000	  0.309000	  0.240000	
  0.151848	  0.066933	  0.475524	  0.305694	
  0.731000	  0.038000	  0.211000	  0.020000	
  0.017000	  0.024000	  0.017000	  0.942000	
  0.019980	  0.012987	  0.877123	  0.089910	
  0.932933	  0.018018	  0.023023	  0.026026	
  0.032000	  0.913000	  0.027000	  0.028000	
  0.055000	  0.052000	  0.805000	  0.088000	
  0.058000	  0.144000	  0.014000	  0.784000	
  0.261261	  0.682683	  0.014014	  0.042042	
  0.913000	  0.018000	  0.023000	  0.046000	
  0.133000	  0.194000	  0.115000	  0.558000	
  0.258000	  0.337000	  0.175000	  0.230000	
  0.234000	  0.383000	  0.290000	  0.093000	
  0.170000	  0.185000	  0.313000	  0.332000	

MOTIF JUN_FOSB 

letter-probability matrix: alength= 4 w= 10 nsites= 1 E= 0
  0.186186	  0.192192	  0.328328	  0.293293	
  0.572000	  0.116000	  0.282000	  0.030000	
  0.001000	  0.001000	  0.001000	  0.997000	
  0.001000	  0.001000	  0.940000	  0.058000	
  0.997000	  0.001000	  0.001000	  0.001000	
  0.034000	  0.710000	  0.122000	  0.134000	
  0.060000	  0.001000	  0.192000	  0.747000	
  0.238238	  0.750751	  0.002002	  0.009009	
  0.986000	  0.002000	  0.011000	  0.001000	
  0.087087	  0.292292	  0.147147	  0.473473	

MOTIF JUN_FOSB 

letter-probability matrix: alength= 4 w= 11 nsites= 1 E= 0
  0.193000	  0.070000	  0.575000	  0.162000	
  0.649000	  0.087000	  0.216000	  0.048000	
  0.012012	  0.010010	  0.012012	  0.965966	
  0.017017	  0.010010	  0.872873	  0.100100	
  0.954955	  0.008008	  0.017017	  0.020020	
  0.047952	  0.885115	  0.024975	  0.041958	
  0.075000	  0.014000	  0.897000	  0.014000	
  0.025000	  0.057000	  0.014000	  0.904000	
  0.247000	  0.697000	  0.020000	  0.036000	
  0.949000	  0.016000	  0.014000	  0.021000	
  0.092092	  0.261261	  0.053053	  0.593594	

MOTIF JUN_FOSL1 

letter-probability matrix: alength= 4 w= 13 nsites= 1 E= 0
  0.208000	  0.246000	  0.253000	  0.293000	
  0.172000	  0.159000	  0.380000	  0.289000	
  0.602000	  0.089000	  0.283000	  0.026000	
  0.001000	  0.002000	  0.001000	  0.996000	
  0.003000	  0.002000	  0.957000	  0.038000	
  0.993007	  0.001998	  0.001998	  0.002997	
  0.026000	  0.826000	  0.051000	  0.097000	
  0.032967	  0.001998	  0.139860	  0.825175	
  0.159000	  0.835000	  0.002000	  0.004000	
  0.983017	  0.003996	  0.008991	  0.003996	
  0.057000	  0.245000	  0.119000	  0.579000	
  0.296000	  0.308000	  0.173000	  0.223000	
  0.277277	  0.289289	  0.237237	  0.196196	

MOTIF JUN_FOSL1 

letter-probability matrix: alength= 4 w= 10 nsites= 1 E= 0
  0.639000	  0.069000	  0.266000	  0.026000	
  0.027972	  0.029970	  0.023976	  0.918082	
  0.032967	  0.055944	  0.671329	  0.239760	
  0.825000	  0.026000	  0.106000	  0.043000	
  0.022000	  0.845000	  0.038000	  0.095000	
  0.093000	  0.036000	  0.847000	  0.024000	
  0.041000	  0.105000	  0.027000	  0.827000	
  0.237762	  0.669331	  0.057942	  0.034965	
  0.917000	  0.022000	  0.031000	  0.030000	
  0.024000	  0.264000	  0.071000	  0.641000	

MOTIF JUN_FOSL2 

letter-probability matrix: alength= 4 w= 12 nsites= 1 E= 0
  0.189000	  0.248000	  0.295000	  0.268000	
  0.214000	  0.179000	  0.338000	  0.269000	
  0.542000	  0.121000	  0.282000	  0.055000	
  0.000999	  0.000999	  0.000999	  0.997003	
  0.001000	  0.001000	  0.840000	  0.158000	
  0.847000	  0.123000	  0.001000	  0.029000	
  0.103000	  0.141000	  0.698000	  0.058000	
  0.000999	  0.000999	  0.000999	  0.997003	
  0.019980	  0.978022	  0.000999	  0.000999	
  0.998000	  0.000000	  0.001000	  0.001000	
  0.019000	  0.299000	  0.093000	  0.589000	
  0.269269	  0.341341	  0.180180	  0.209209	

MOTIF JUN_FOSL2 

letter-probability matrix: alength= 4 w= 11 nsites= 1 E= 0
  0.222222	  0.094094	  0.459459	  0.224224	
  0.632368	  0.029970	  0.322677	  0.014985	
  0.006000	  0.008000	  0.008000	  0.978000	
  0.007000	  0.014000	  0.917000	  0.062000	
  0.962038	  0.005994	  0.008991	  0.022977	
  0.011000	  0.906000	  0.022000	  0.061000	
  0.092092	  0.045045	  0.845846	  0.017017	
  0.013986	  0.069930	  0.008991	  0.907093	
  0.351000	  0.625000	  0.016000	  0.008000	
  0.961962	  0.010010	  0.013013	  0.015015	
  0.038000	  0.218000	  0.166000	  0.578000	

MOTIF JUN_FOS 

letter-probability matrix: alength= 4 w= 10 nsites= 1 E= 0
  0.592000	  0.111000	  0.257000	  0.040000	
  0.003000	  0.005000	  0.002000	  0.990000	
  0.007000	  0.001000	  0.824000	  0.168000	
  0.820000	  0.131000	  0.004000	  0.045000	
  0.078000	  0.180000	  0.688000	  0.054000	
  0.005000	  0.002000	  0.002000	  0.991000	
  0.030000	  0.963000	  0.003000	  0.004000	
  0.992000	  0.002000	  0.002000	  0.004000	
  0.024000	  0.313000	  0.095000	  0.568000	
  0.277000	  0.397000	  0.164000	  0.162000	

MOTIF JUN_FOS 

letter-probability matrix: alength= 4 w= 16 nsites= 1 E= 0
  0.266000	  0.063000	  0.419000	  0.252000	
  0.556000	  0.045000	  0.369000	  0.030000	
  0.047047	  0.074074	  0.062062	  0.816817	
  0.042000	  0.112000	  0.655000	  0.191000	
  0.748000	  0.031000	  0.135000	  0.086000	
  0.080000	  0.838000	  0.041000	  0.041000	
  0.130869	  0.113886	  0.721279	  0.033966	
  0.040000	  0.023000	  0.032000	  0.905000	
  0.053000	  0.846000	  0.044000	  0.057000	
  0.907000	  0.024000	  0.036000	  0.033000	
  0.030000	  0.234000	  0.060000	  0.676000	
  0.298701	  0.321678	  0.159840	  0.219780	
  0.322000	  0.313000	  0.161000	  0.204000	
  0.190000	  0.178000	  0.261000	  0.371000	
  0.161000	  0.075000	  0.238000	  0.526000	
  0.203203	  0.291291	  0.207207	  0.298298	

MOTIF JUN_JUNB 

letter-probability matrix: alength= 4 w= 10 nsites= 1 E= 0
  0.203000	  0.128000	  0.408000	  0.261000	
  0.627000	  0.134000	  0.189000	  0.050000	
  0.010989	  0.009990	  0.033966	  0.945055	
  0.010010	  0.021021	  0.921922	  0.047047	
  0.944000	  0.010000	  0.028000	  0.018000	
  0.026973	  0.825175	  0.114885	  0.032967	
  0.058000	  0.024000	  0.353000	  0.565000	
  0.161000	  0.707000	  0.010000	  0.122000	
  0.931000	  0.024000	  0.018000	  0.027000	
  0.188000	  0.248000	  0.064000	  0.500000	

MOTIF JUN_JUNB 

letter-probability matrix: alength= 4 w= 12 nsites= 1 E= 0
  0.053946	  0.131868	  0.357642	  0.456543	
  0.376000	  0.108000	  0.486000	  0.030000	
  0.057942	  0.042957	  0.024975	  0.874126	
  0.051000	  0.028000	  0.703000	  0.218000	
  0.786214	  0.021978	  0.062937	  0.128871	
  0.023000	  0.862000	  0.047000	  0.068000	
  0.055000	  0.036000	  0.867000	  0.042000	
  0.030000	  0.027000	  0.040000	  0.903000	
  0.091000	  0.834000	  0.035000	  0.040000	
  0.919920	  0.019019	  0.035035	  0.026026	
  0.033000	  0.125000	  0.130000	  0.712000	
  0.212212	  0.254254	  0.255255	  0.278278	

MOTIF LEF1 

letter-probability matrix: alength= 4 w= 10 nsites= 1 E= 0
  0.273273	  0.189189	  0.199199	  0.338338	
  0.133000	  0.303000	  0.255000	  0.309000	
  0.133866	  0.445554	  0.188811	  0.231768	
  0.009009	  0.773774	  0.129129	  0.088088	
  0.013000	  0.018000	  0.006000	  0.963000	
  0.006000	  0.004000	  0.005000	  0.985000	
  0.012000	  0.002000	  0.002000	  0.984000	
  0.018000	  0.087000	  0.849000	  0.046000	
  0.961039	  0.001998	  0.004995	  0.031968	
  0.250250	  0.003003	  0.003003	  0.743744	

MOTIF LHX6 

letter-probability matrix: alength= 4 w= 8 nsites= 1 E= 0
  0.347347	  0.228228	  0.275275	  0.149149	
  0.106000	  0.332000	  0.102000	  0.460000	
  0.001000	  0.001000	  0.000000	  0.998000	
  0.628372	  0.001998	  0.368631	  0.000999	
  0.999000	  0.000000	  0.000000	  0.001000	
  0.000000	  0.000000	  0.000000	  1.000000	
  0.000999	  0.001998	  0.004995	  0.992008	
  0.705000	  0.000000	  0.293000	  0.002000	

MOTIF MAX 

letter-probability matrix: alength= 4 w= 6 nsites= 1 E= 0
  0.007007	  0.992993	  0.000000	  0.000000	
  0.926927	  0.000000	  0.071071	  0.002002	
  0.000000	  0.835000	  0.001000	  0.164000	
  0.027027	  0.000000	  0.972973	  0.000000	
  0.001001	  0.032032	  0.000000	  0.966967	
  0.000000	  0.000000	  0.998999	  0.001001	

MOTIF MYF6 

letter-probability matrix: alength= 4 w= 11 nsites= 1 E= 0
  0.057000	  0.295000	  0.246000	  0.402000	
  0.661339	  0.077922	  0.201798	  0.058941	
  0.725000	  0.138000	  0.083000	  0.054000	
  0.026000	  0.912000	  0.023000	  0.039000	
  0.872000	  0.043000	  0.054000	  0.031000	
  0.066066	  0.076076	  0.635636	  0.222222	
  0.162837	  0.166833	  0.256743	  0.413586	
  0.023000	  0.043000	  0.031000	  0.903000	
  0.056056	  0.026026	  0.892893	  0.025025	
  0.326000	  0.160000	  0.172000	  0.342000	
  0.111000	  0.314000	  0.112000	  0.463000	

MOTIF NR1H4 

letter-probability matrix: alength= 4 w= 11 nsites= 1 E= 0
  0.244000	  0.033000	  0.420000	  0.303000	
  0.622000	  0.058000	  0.238000	  0.082000	
  0.041000	  0.083000	  0.820000	  0.056000	
  0.095000	  0.088000	  0.568000	  0.249000	
  0.123000	  0.038000	  0.095000	  0.744000	
  0.032032	  0.798799	  0.040040	  0.129129	
  0.833167	  0.034965	  0.085914	  0.045954	
  0.419000	  0.188000	  0.054000	  0.339000	
  0.351351	  0.262262	  0.120120	  0.266266	
  0.064000	  0.038000	  0.427000	  0.471000	
  0.294000	  0.034000	  0.348000	  0.324000	

MOTIF NR1H4_RXRA 

letter-probability matrix: alength= 4 w= 13 nsites= 1 E= 0
  0.222222	  0.126126	  0.485485	  0.166166	
  0.346000	  0.054000	  0.507000	  0.093000	
  0.092000	  0.091000	  0.748000	  0.069000	
  0.035000	  0.059000	  0.734000	  0.172000	
  0.037037	  0.052052	  0.057057	  0.853854	
  0.092000	  0.616000	  0.136000	  0.156000	
  0.834000	  0.029000	  0.110000	  0.027000	
  0.495000	  0.114000	  0.241000	  0.150000	
  0.527000	  0.042000	  0.379000	  0.052000	
  0.119119	  0.038038	  0.712713	  0.130130	
  0.107000	  0.059000	  0.655000	  0.179000	
  0.107107	  0.055055	  0.292292	  0.545546	
  0.083000	  0.340000	  0.246000	  0.331000	

MOTIF NR1H4_RXRA 

letter-probability matrix: alength= 4 w= 15 nsites= 1 E= 0
  0.223000	  0.172000	  0.451000	  0.154000	
  0.653654	  0.055055	  0.280280	  0.011011	
  0.029000	  0.015000	  0.937000	  0.019000	
  0.021978	  0.008991	  0.645355	  0.323676	
  0.024000	  0.049000	  0.101000	  0.826000	
  0.011011	  0.875876	  0.013013	  0.100100	
  0.720721	  0.013013	  0.249249	  0.017017	
  0.144000	  0.121000	  0.075000	  0.660000	
  0.022977	  0.091908	  0.047952	  0.837163	
  0.108000	  0.102000	  0.753000	  0.037000	
  0.762238	  0.111888	  0.077922	  0.047952	
  0.134134	  0.773774	  0.009009	  0.083083	
  0.113000	  0.798000	  0.038000	  0.051000	
  0.025000	  0.383000	  0.071000	  0.521000	
  0.095000	  0.313000	  0.212000	  0.380000	

MOTIF NR4A2 

letter-probability matrix: alength= 4 w= 9 nsites= 1 E= 0
  0.295000	  0.182000	  0.168000	  0.355000	
  0.775776	  0.009009	  0.074074	  0.141141	
  0.889000	  0.011000	  0.019000	  0.081000	
  0.949000	  0.012000	  0.028000	  0.011000	
  0.023976	  0.004995	  0.708292	  0.262737	
  0.049000	  0.007000	  0.870000	  0.074000	
  0.016016	  0.058058	  0.107107	  0.818819	
  0.026973	  0.666334	  0.067932	  0.238761	
  0.830170	  0.010989	  0.126873	  0.031968	

MOTIF NR4A2_RXRA 

letter-probability matrix: alength= 4 w= 15 nsites= 1 E= 0
  0.287712	  0.211788	  0.370629	  0.129870	
  0.498498	  0.124124	  0.348348	  0.029029	
  0.019980	  0.010989	  0.923077	  0.045954	
  0.050949	  0.006993	  0.803197	  0.138861	
  0.046046	  0.134134	  0.128128	  0.691692	
  0.007000	  0.824000	  0.031000	  0.138000	
  0.592000	  0.038000	  0.343000	  0.027000	
  0.248248	  0.060060	  0.087087	  0.604605	
  0.002000	  0.069000	  0.005000	  0.924000	
  0.070000	  0.082000	  0.836000	  0.012000	
  0.926000	  0.054000	  0.017000	  0.003000	
  0.157000	  0.830000	  0.002000	  0.011000	
  0.039960	  0.936064	  0.003996	  0.019980	
  0.005000	  0.535000	  0.023000	  0.437000	
  0.103896	  0.472527	  0.179820	  0.243756	

MOTIF OCT4 

letter-probability matrix: alength= 4 w= 12 nsites= 1 E= 0
  0.429570	  0.246753	  0.135864	  0.187812	
  0.743000	  0.080000	  0.043000	  0.134000	
  0.021000	  0.007000	  0.002000	  0.970000	
  0.124000	  0.130000	  0.019000	  0.727000	
  0.395000	  0.010000	  0.001000	  0.594000	
  0.369369	  0.091091	  0.514515	  0.025025	
  0.097000	  0.901000	  0.001000	  0.001000	
  0.992000	  0.001000	  0.005000	  0.002000	
  0.017000	  0.014000	  0.001000	  0.968000	
  0.741000	  0.047000	  0.083000	  0.129000	
  0.379620	  0.205794	  0.096903	  0.317682	
  0.268000	  0.188000	  0.196000	  0.348000	

MOTIF PAX7 

letter-probability matrix: alength= 4 w= 13 nsites= 1 E= 0
  0.410410	  0.174174	  0.213213	  0.202202	
  0.540460	  0.100899	  0.199800	  0.158841	
  0.015000	  0.522000	  0.454000	  0.009000	
  0.002002	  0.842843	  0.005005	  0.150150	
  0.196000	  0.009000	  0.771000	  0.024000	
  0.033000	  0.026000	  0.112000	  0.829000	
  0.332000	  0.010000	  0.634000	  0.024000	
  0.775000	  0.015000	  0.069000	  0.141000	
  0.030000	  0.962000	  0.001000	  0.007000	
  0.082000	  0.108000	  0.357000	  0.453000	
  0.937000	  0.006000	  0.051000	  0.006000	
  0.981000	  0.001000	  0.008000	  0.010000	
  0.054000	  0.036000	  0.013000	  0.897000	

MOTIF PPARA_RXRA 

letter-probability matrix: alength= 4 w= 18 nsites= 1 E= 0
  0.548000	  0.140000	  0.108000	  0.204000	
  0.430569	  0.072927	  0.059940	  0.436563	
  0.247000	  0.211000	  0.332000	  0.210000	
  0.060939	  0.093906	  0.237762	  0.607393	
  0.492492	  0.095095	  0.370370	  0.042042	
  0.067932	  0.018981	  0.842158	  0.070929	
  0.080000	  0.015000	  0.856000	  0.049000	
  0.042000	  0.157000	  0.245000	  0.556000	
  0.131000	  0.445000	  0.201000	  0.223000	
  0.887000	  0.016000	  0.067000	  0.030000	
  0.669000	  0.024000	  0.208000	  0.099000	
  0.807000	  0.025000	  0.143000	  0.025000	
  0.111000	  0.016000	  0.862000	  0.011000	
  0.018000	  0.014000	  0.784000	  0.184000	
  0.017017	  0.049049	  0.115115	  0.818819	
  0.090000	  0.598000	  0.146000	  0.166000	
  0.689690	  0.037037	  0.230230	  0.043043	
  0.222000	  0.237000	  0.243000	  0.298000	

MOTIF PPARG 

letter-probability matrix: alength= 4 w= 12 nsites= 1 E= 0
  0.495000	  0.144000	  0.115000	  0.246000	
  0.483000	  0.041000	  0.066000	  0.410000	
  0.201000	  0.267000	  0.299000	  0.233000	
  0.063063	  0.093093	  0.151151	  0.692693	
  0.492000	  0.032000	  0.447000	  0.029000	
  0.032032	  0.016016	  0.841842	  0.110110	
  0.041000	  0.037000	  0.853000	  0.069000	
  0.061000	  0.113000	  0.240000	  0.586000	
  0.097097	  0.505506	  0.104104	  0.293293	
  0.855000	  0.024000	  0.041000	  0.080000	
  0.209000	  0.332000	  0.260000	  0.199000	
  0.112000	  0.206000	  0.217000	  0.465000	

MOTIF PPARG_RXRA 

letter-probability matrix: alength= 4 w= 17 nsites= 1 E= 0
  0.287000	  0.251000	  0.248000	  0.214000	
  0.314314	  0.136136	  0.301301	  0.248248	
  0.455000	  0.094000	  0.335000	  0.116000	
  0.041041	  0.011011	  0.922923	  0.025025	
  0.023000	  0.010000	  0.827000	  0.140000	
  0.047000	  0.088000	  0.261000	  0.604000	
  0.097000	  0.560000	  0.081000	  0.262000	
  0.903904	  0.022022	  0.014014	  0.060060	
  0.503000	  0.202000	  0.140000	  0.155000	
  0.400000	  0.071000	  0.175000	  0.354000	
  0.615616	  0.053053	  0.295295	  0.036036	
  0.051000	  0.029000	  0.885000	  0.035000	
  0.015000	  0.016000	  0.809000	  0.160000	
  0.065000	  0.079000	  0.209000	  0.647000	
  0.049000	  0.715000	  0.102000	  0.134000	
  0.738262	  0.014985	  0.196803	  0.049950	
  0.206000	  0.336000	  0.249000	  0.209000	

MOTIF RARA 

letter-probability matrix: alength= 4 w= 7 nsites= 1 E= 0
  0.484515	  0.085914	  0.302697	  0.126873	
  0.769000	  0.014000	  0.216000	  0.001000	
  0.000999	  0.000999	  0.996004	  0.001998	
  0.000999	  0.000999	  0.799201	  0.198801	
  0.002997	  0.002997	  0.024975	  0.969031	
  0.001998	  0.953047	  0.005994	  0.038961	
  0.972028	  0.000999	  0.025974	  0.000999	

MOTIF RARA_RXRA 

letter-probability matrix: alength= 4 w= 18 nsites= 1 E= 0
  0.345000	  0.113000	  0.413000	  0.129000	
  0.496000	  0.038000	  0.460000	  0.006000	
  0.013000	  0.003000	  0.954000	  0.030000	
  0.011000	  0.003000	  0.828000	  0.158000	
  0.005000	  0.015000	  0.071000	  0.909000	
  0.018000	  0.831000	  0.058000	  0.093000	
  0.874000	  0.005000	  0.111000	  0.010000	
  0.272272	  0.239239	  0.154154	  0.334334	
  0.215215	  0.249249	  0.320320	  0.215215	
  0.211000	  0.212000	  0.272000	  0.305000	
  0.343656	  0.198801	  0.230769	  0.226773	
  0.348348	  0.133133	  0.397397	  0.121121	
  0.495000	  0.090000	  0.390000	  0.025000	
  0.026000	  0.004000	  0.927000	  0.043000	
  0.011988	  0.004995	  0.814186	  0.168831	
  0.060060	  0.112112	  0.226226	  0.601602	
  0.072927	  0.695305	  0.096903	  0.134865	
  0.701299	  0.052947	  0.205794	  0.039960	

MOTIF RORB 

letter-probability matrix: alength= 4 w= 11 nsites= 1 E= 0
  0.785000	  0.014000	  0.029000	  0.172000	
  0.525475	  0.025974	  0.023976	  0.424575	
  0.233233	  0.162162	  0.201201	  0.403403	
  0.053000	  0.165000	  0.235000	  0.547000	
  0.602000	  0.014000	  0.358000	  0.026000	
  0.016000	  0.025000	  0.907000	  0.052000	
  0.032000	  0.013000	  0.928000	  0.027000	
  0.028000	  0.146000	  0.050000	  0.776000	
  0.047000	  0.781000	  0.017000	  0.155000	
  0.896000	  0.015000	  0.063000	  0.026000	
  0.205000	  0.326000	  0.145000	  0.324000	

MOTIF RORC 

letter-probability matrix: alength= 4 w= 12 nsites= 1 E= 0
  0.306000	  0.179000	  0.260000	  0.255000	
  0.329000	  0.114000	  0.141000	  0.416000	
  0.855000	  0.014000	  0.011000	  0.120000	
  0.527000	  0.010000	  0.032000	  0.431000	
  0.225000	  0.249000	  0.277000	  0.249000	
  0.043043	  0.087087	  0.116116	  0.753754	
  0.622378	  0.023976	  0.342657	  0.010989	
  0.005000	  0.002000	  0.919000	  0.074000	
  0.036036	  0.003003	  0.952953	  0.008008	
  0.059000	  0.112000	  0.168000	  0.661000	
  0.006000	  0.822000	  0.019000	  0.153000	
  0.785000	  0.012000	  0.161000	  0.042000	

MOTIF RXRA 

letter-probability matrix: alength= 4 w= 7 nsites= 1 E= 0
  0.450000	  0.107000	  0.315000	  0.128000	
  0.710290	  0.016983	  0.271728	  0.000999	
  0.000999	  0.000999	  0.997003	  0.000999	
  0.000999	  0.000999	  0.794206	  0.203796	
  0.001001	  0.002002	  0.011011	  0.985986	
  0.001000	  0.982000	  0.002000	  0.015000	
  0.993000	  0.001000	  0.005000	  0.001000	

MOTIF RXRG 

letter-probability matrix: alength= 4 w= 15 nsites= 1 E= 0
  0.448000	  0.060000	  0.431000	  0.061000	
  0.087087	  0.056056	  0.808809	  0.048048	
  0.068000	  0.031000	  0.740000	  0.161000	
  0.047047	  0.135135	  0.104104	  0.713714	
  0.116116	  0.516517	  0.213213	  0.154154	
  0.827000	  0.049000	  0.044000	  0.080000	
  0.661000	  0.110000	  0.123000	  0.106000	
  0.613000	  0.028000	  0.343000	  0.016000	
  0.114114	  0.018018	  0.786787	  0.081081	
  0.058941	  0.015984	  0.757243	  0.167832	
  0.024000	  0.062000	  0.111000	  0.803000	
  0.053946	  0.468531	  0.172827	  0.304695	
  0.672000	  0.038000	  0.263000	  0.027000	
  0.306306	  0.213213	  0.210210	  0.270270	
  0.399000	  0.092000	  0.293000	  0.216000	

MOTIF SOX10 

letter-probability matrix: alength= 4 w= 10 nsites= 1 E= 0
  0.378000	  0.048000	  0.172000	  0.402000	
  0.681319	  0.159840	  0.062937	  0.095904	
  0.833000	  0.039000	  0.035000	  0.093000	
  0.081000	  0.817000	  0.040000	  0.062000	
  0.883000	  0.026000	  0.037000	  0.054000	
  0.655656	  0.062062	  0.049049	  0.233233	
  0.385000	  0.024000	  0.035000	  0.556000	
  0.113000	  0.106000	  0.671000	  0.110000	
  0.334000	  0.214000	  0.377000	  0.075000	
  0.420000	  0.319000	  0.147000	  0.114000	

MOTIF SOX15 

letter-probability matrix: alength= 4 w= 10 nsites= 1 E= 0
  0.032000	  0.554000	  0.147000	  0.267000	
  0.061938	  0.411588	  0.025974	  0.500500	
  0.630370	  0.002997	  0.004995	  0.361638	
  0.003000	  0.003000	  0.006000	  0.988000	
  0.002997	  0.001998	  0.001998	  0.993007	
  0.083083	  0.021021	  0.890891	  0.005005	
  0.024000	  0.002000	  0.003000	  0.971000	
  0.180180	  0.188188	  0.125125	  0.506507	
  0.215000	  0.253000	  0.114000	  0.418000	
  0.240759	  0.187812	  0.164835	  0.406593	

MOTIF SOX17 

letter-probability matrix: alength= 4 w= 10 nsites= 1 E= 0
  0.457457	  0.063063	  0.277277	  0.202202	
  0.595000	  0.095000	  0.195000	  0.115000	
  0.996004	  0.000999	  0.000999	  0.001998	
  0.000999	  0.993007	  0.002997	  0.002997	
  0.997000	  0.001000	  0.001000	  0.001000	
  0.997000	  0.001000	  0.001000	  0.001000	
  0.037037	  0.001001	  0.001001	  0.960961	
  0.355644	  0.078921	  0.454545	  0.110889	
  0.210210	  0.182182	  0.538539	  0.069069	
  0.356643	  0.204795	  0.260739	  0.177822	

MOTIF SOX2 

letter-probability matrix: alength= 4 w= 10 nsites= 1 E= 0
  0.528472	  0.143856	  0.185814	  0.141858	
  0.993000	  0.001000	  0.001000	  0.005000	
  0.001000	  0.915000	  0.003000	  0.081000	
  0.996000	  0.001000	  0.001000	  0.002000	
  0.996997	  0.001001	  0.001001	  0.001001	
  0.332000	  0.003000	  0.001000	  0.664000	
  0.480000	  0.007000	  0.450000	  0.063000	
  0.245000	  0.126000	  0.616000	  0.013000	
  0.371000	  0.227000	  0.263000	  0.139000	
  0.304695	  0.218781	  0.231768	  0.244755	

MOTIF SOX5 

letter-probability matrix: alength= 4 w= 10 nsites= 1 E= 0
  0.396000	  0.076000	  0.200000	  0.328000	
  0.619000	  0.147000	  0.167000	  0.067000	
  0.970000	  0.011000	  0.008000	  0.011000	
  0.007000	  0.902000	  0.020000	  0.071000	
  0.977978	  0.006006	  0.008008	  0.008008	
  0.972000	  0.007000	  0.007000	  0.014000	
  0.076000	  0.014000	  0.009000	  0.901000	
  0.441000	  0.033000	  0.377000	  0.149000	
  0.256000	  0.188000	  0.443000	  0.113000	
  0.303000	  0.179000	  0.285000	  0.233000	

MOTIF SOX6 

letter-probability matrix: alength= 4 w= 10 nsites= 1 E= 0
  0.423576	  0.107892	  0.185814	  0.282717	
  0.603397	  0.092907	  0.195804	  0.107892	
  0.998000	  0.000000	  0.001000	  0.001000	
  0.000999	  0.984016	  0.000999	  0.013986	
  0.998000	  0.000000	  0.001000	  0.001000	
  0.997003	  0.000999	  0.000999	  0.000999	
  0.065000	  0.001000	  0.001000	  0.933000	
  0.500000	  0.029000	  0.360000	  0.111000	
  0.203796	  0.200799	  0.558442	  0.036963	
  0.352352	  0.213213	  0.253253	  0.181181	

MOTIF SRY 

letter-probability matrix: alength= 4 w= 8 nsites= 1 E= 0
  0.505000	  0.158000	  0.192000	  0.145000	
  0.986014	  0.002997	  0.003996	  0.006993	
  0.005000	  0.919000	  0.009000	  0.067000	
  0.987988	  0.005005	  0.003003	  0.004004	
  0.947000	  0.010000	  0.036000	  0.007000	
  0.148851	  0.008991	  0.005994	  0.836164	
  0.383000	  0.144000	  0.305000	  0.168000	
  0.294000	  0.146000	  0.461000	  0.099000	

MOTIF TCF7 

letter-probability matrix: alength= 4 w= 13 nsites= 1 E= 0
  0.162000	  0.318000	  0.186000	  0.334000	
  0.152000	  0.385000	  0.183000	  0.280000	
  0.032000	  0.663000	  0.194000	  0.111000	
  0.068000	  0.036000	  0.015000	  0.881000	
  0.025000	  0.031000	  0.030000	  0.914000	
  0.037000	  0.004000	  0.009000	  0.950000	
  0.030000	  0.060000	  0.867000	  0.043000	
  0.928072	  0.007992	  0.006993	  0.056943	
  0.199000	  0.014000	  0.010000	  0.777000	
  0.047000	  0.497000	  0.432000	  0.024000	
  0.137862	  0.103896	  0.060939	  0.697303	
  0.231000	  0.198000	  0.204000	  0.367000	
  0.227000	  0.222000	  0.235000	  0.316000	

MOTIF TFE3 

letter-probability matrix: alength= 4 w= 8 nsites= 1 E= 0
  0.010000	  0.990000	  0.000000	  0.000000	
  0.720000	  0.060000	  0.050000	  0.170000	
  0.000000	  0.820000	  0.000000	  0.180000	
  0.130000	  0.030000	  0.840000	  0.000000	
  0.000000	  0.000000	  0.010000	  0.990000	
  0.000000	  0.000000	  1.000000	  0.000000	
  0.900000	  0.040000	  0.040000	  0.020000	
  0.009901	  0.564356	  0.039604	  0.386139	

MOTIF VDR 

letter-probability matrix: alength= 4 w= 8 nsites= 1 E= 0
  0.222000	  0.280000	  0.043000	  0.455000	
  0.356000	  0.045000	  0.567000	  0.032000	
  0.555556	  0.024024	  0.386386	  0.034034	
  0.024000	  0.025000	  0.919000	  0.032000	
  0.017000	  0.023000	  0.070000	  0.890000	
  0.060939	  0.030969	  0.081918	  0.826174	
  0.055000	  0.743000	  0.028000	  0.174000	
  0.886000	  0.019000	  0.076000	  0.019000	

MOTIF VDR_RXRA 

letter-probability matrix: alength= 4 w= 17 nsites= 1 E= 0
  0.279279	  0.297297	  0.185185	  0.238238	
