MEME version 4

ALPHABET= ACGT

strands: + -

Background letter frequencies (from uniform background):
A 0.25000 C 0.25000 G 0.25000 T 0.25000 

MOTIF AHR 

letter-probability matrix: alength= 4 w= 6 nsites= 814 E= 0
  0.020988	  0.438974	  0.023783	  0.516256	
  0.000000	  0.000000	  1.000000	  0.000000	
  0.000000	  0.994235	  0.000000	  0.005765	
  0.000000	  0.000000	  0.996046	  0.003954	
  0.000000	  0.000000	  0.000000	  1.000000	
  0.000000	  0.000000	  1.000000	  0.000000	

MOTIF AIRE 

letter-probability matrix: alength= 4 w= 18 nsites= 41 E= 0
  0.397727	  0.261364	  0.125000	  0.215909	
  0.181818	  0.181818	  0.136364	  0.500000	
  0.136364	  0.136364	  0.204545	  0.522727	
  0.045455	  0.000000	  0.886364	  0.068182	
  0.000000	  0.000000	  0.818182	  0.181818	
  0.318182	  0.045455	  0.022727	  0.613636	
  0.386364	  0.090909	  0.022727	  0.500000	
  0.363636	  0.136364	  0.136364	  0.363636	
  0.340909	  0.068182	  0.136364	  0.454545	
  0.522727	  0.090909	  0.136364	  0.250000	
  0.386364	  0.045455	  0.068182	  0.500000	
  0.227273	  0.136364	  0.068182	  0.568182	
  0.000000	  0.022727	  0.886364	  0.090909	
  0.000000	  0.000000	  0.977273	  0.022727	
  0.227273	  0.090909	  0.250000	  0.431818	
  0.068182	  0.181818	  0.181818	  0.568182	
  0.454545	  0.022727	  0.159091	  0.363636	
  0.403409	  0.267045	  0.107955	  0.221591	

MOTIF ALX1 

letter-probability matrix: alength= 4 w= 13 nsites= 5603 E= 0
  0.253053	  0.256053	  0.208914	  0.281980	
  0.184423	  0.090081	  0.039677	  0.685819	
  0.730817	  0.036173	  0.116192	  0.116818	
  0.958316	  0.014784	  0.019097	  0.007803	
  0.099663	  0.260330	  0.072708	  0.567299	
  0.068954	  0.343796	  0.172223	  0.415027	
  0.080862	  0.334500	  0.059495	  0.525143	
  0.752499	  0.055950	  0.142373	  0.049178	
  0.906214	  0.032039	  0.036117	  0.025631	
  0.001268	  0.010782	  0.001268	  0.986681	
  0.147740	  0.069351	  0.015941	  0.766968	
  0.769370	  0.020772	  0.083416	  0.126442	
  0.313759	  0.215388	  0.257394	  0.213459	

MOTIF ALX3 

letter-probability matrix: alength= 4 w= 17 nsites= 1000 E= 0
  0.296149	  0.033726	  0.127017	  0.543109	
  0.366485	  0.200783	  0.243220	  0.189512	
  0.405110	  0.180765	  0.159571	  0.254554	
  0.534568	  0.154903	  0.228026	  0.082504	
  0.039813	  0.476598	  0.008603	  0.474987	
  0.003992	  0.080226	  0.001293	  0.914489	
  0.986740	  0.006235	  0.003288	  0.003738	
  0.985422	  0.002561	  0.008596	  0.003421	
  0.003421	  0.008596	  0.002561	  0.985422	
  0.003738	  0.003288	  0.006235	  0.986740	
  0.914489	  0.001293	  0.080226	  0.003992	
  0.474987	  0.008603	  0.476598	  0.039813	
  0.078830	  0.442223	  0.054744	  0.424202	
  0.068037	  0.145671	  0.102838	  0.683454	
  0.239872	  0.271585	  0.339298	  0.149245	
  0.434309	  0.190824	  0.135524	  0.239342	
  0.262173	  0.253994	  0.285560	  0.198273	

MOTIF ALX4 

letter-probability matrix: alength= 4 w= 13 nsites= 14220 E= 0
  0.303739	  0.291435	  0.170406	  0.234419	
  0.180029	  0.064232	  0.016177	  0.739562	
  0.847129	  0.012194	  0.074256	  0.066421	
  0.994323	  0.001839	  0.002639	  0.001199	
  0.057650	  0.153671	  0.022789	  0.765891	
  0.053021	  0.332633	  0.103871	  0.510475	
  0.335263	  0.227423	  0.170004	  0.267310	
  0.637090	  0.117312	  0.205161	  0.040436	
  0.869337	  0.032299	  0.071588	  0.026776	
  0.001596	  0.005108	  0.000878	  0.992418	
  0.116967	  0.111526	  0.011189	  0.760318	
  0.850896	  0.014643	  0.038525	  0.095935	
  0.346039	  0.259509	  0.193567	  0.200885	

MOTIF ARID3A 

letter-probability matrix: alength= 4 w= 22 nsites= 44 E= 0
  0.390642	  0.096310	  0.325828	  0.187219	
  0.681818	  0.090909	  0.000000	  0.227273	
  0.112514	  0.000000	  0.000000	  0.887486	
  0.157968	  0.000000	  0.000000	  0.842032	
  0.954545	  0.045455	  0.000000	  0.000000	
  0.932941	  0.067059	  0.000000	  0.000000	
  0.476150	  0.000000	  0.023850	  0.500000	
  0.000000	  0.409091	  0.227273	  0.363636	
  0.294332	  0.181818	  0.432941	  0.090909	
  0.500000	  0.045455	  0.363636	  0.090909	
  0.454545	  0.045455	  0.157968	  0.342032	
  0.729518	  0.000000	  0.090909	  0.179573	
  0.136364	  0.045455	  0.090909	  0.727273	
  0.160213	  0.569304	  0.045455	  0.225028	
  0.727273	  0.000000	  0.000000	  0.272727	
  0.751122	  0.045455	  0.000000	  0.203423	
  0.954545	  0.000000	  0.000000	  0.045455	
  0.409091	  0.000000	  0.045455	  0.545455	
  0.114759	  0.136364	  0.090909	  0.657968	
  0.521605	  0.136364	  0.023850	  0.318182	
  0.612514	  0.069304	  0.000000	  0.318182	
  0.665615	  0.005401	  0.074706	  0.254279	

MOTIF ARID5A 

letter-probability matrix: alength= 4 w= 14 nsites= 1000 E= 0
  0.177323	  0.428313	  0.229036	  0.165328	
  0.160222	  0.324571	  0.032445	  0.482762	
  0.852203	  0.026733	  0.073956	  0.047109	
  0.961249	  0.003798	  0.010118	  0.024835	
  0.056540	  0.004008	  0.007877	  0.931575	
  0.930331	  0.005138	  0.007138	  0.057393	
  0.019951	  0.014189	  0.006789	  0.959072	
  0.041132	  0.087506	  0.039025	  0.832338	
  0.233919	  0.027935	  0.519605	  0.218541	
  0.339577	  0.352988	  0.184316	  0.123119	
  0.285389	  0.134719	  0.268289	  0.311602	
  0.572143	  0.078418	  0.190434	  0.159005	
  0.285669	  0.184068	  0.262199	  0.268064	
  0.342799	  0.230460	  0.153946	  0.272795	

MOTIF ARID5B 

letter-probability matrix: alength= 4 w= 14 nsites= 294 E= 0
  0.648291	  0.198055	  0.127658	  0.025996	
  0.639477	  0.041874	  0.040121	  0.278528	
  0.057706	  0.395761	  0.312321	  0.234212	
  0.075969	  0.592947	  0.062454	  0.268630	
  0.739660	  0.124514	  0.059431	  0.076396	
  0.179802	  0.530255	  0.119477	  0.170467	
  0.981877	  0.011516	  0.004946	  0.001660	
  0.941089	  0.022322	  0.032258	  0.004331	
  0.034135	  0.086256	  0.049315	  0.830294	
  0.900718	  0.052182	  0.032473	  0.014628	
  0.009719	  0.716731	  0.024296	  0.249253	
  0.366145	  0.424689	  0.055033	  0.154132	
  0.560730	  0.210146	  0.221596	  0.007528	
  0.728520	  0.133192	  0.108433	  0.029855	

MOTIF ARNT2 

letter-probability matrix: alength= 4 w= 6 nsites= 814 E= 0
  0.020988	  0.438974	  0.023783	  0.516256	
  0.000000	  0.000000	  1.000000	  0.000000	
  0.000000	  0.994235	  0.000000	  0.005765	
  0.000000	  0.000000	  0.996046	  0.003954	
  0.000000	  0.000000	  0.000000	  1.000000	
  0.000000	  0.000000	  1.000000	  0.000000	

MOTIF ARNTL 

letter-probability matrix: alength= 4 w= 14 nsites= 15 E= 0
  0.157692	  0.126923	  0.296154	  0.419231	
  0.038462	  0.000000	  0.892308	  0.069231	
  0.315385	  0.146154	  0.469231	  0.069231	
  0.607692	  0.000000	  0.146154	  0.246154	
  0.000000	  0.961538	  0.000000	  0.038462	
  1.000000	  0.000000	  0.000000	  0.000000	
  0.000000	  1.000000	  0.000000	  0.000000	
  0.000000	  0.000000	  1.000000	  0.000000	
  0.000000	  0.000000	  0.000000	  1.000000	
  0.000000	  0.000000	  1.000000	  0.000000	
  0.746154	  0.000000	  0.253846	  0.000000	
  0.076923	  0.776923	  0.076923	  0.069231	
  0.138462	  0.461538	  0.076923	  0.323077	
  0.076923	  0.669231	  0.253846	  0.000000	

MOTIF ARNT 

letter-probability matrix: alength= 4 w= 8 nsites= 104 E= 0
  0.259615	  0.269231	  0.471154	  0.000000	
  0.096154	  0.278846	  0.326923	  0.298077	
  0.750000	  0.019231	  0.221154	  0.009615	
  0.000000	  0.990385	  0.000000	  0.009615	
  0.000000	  0.000000	  1.000000	  0.000000	
  0.000000	  0.000000	  0.000000	  1.000000	
  0.000000	  0.000000	  1.000000	  0.000000	
  0.173077	  0.490385	  0.192308	  0.144231	

MOTIF AR 

letter-probability matrix: alength= 4 w= 17 nsites= 15022 E= 0
  0.259535	  0.140465	  0.332293	  0.267707	
  0.344375	  0.008225	  0.599638	  0.047763	
  0.000000	  0.000000	  0.969259	  0.030741	
  0.204553	  0.136257	  0.074099	  0.585091	
  0.973398	  0.000000	  0.003031	  0.023572	
  0.000000	  0.995002	  0.000000	  0.004998	
  0.700736	  0.000000	  0.247300	  0.051964	
  0.059751	  0.398380	  0.176340	  0.365529	
  0.160382	  0.200478	  0.389662	  0.249477	
  0.298796	  0.098658	  0.501123	  0.101423	
  0.028943	  0.168158	  0.002964	  0.799935	
  0.000598	  0.000000	  0.999402	  0.000000	
  0.016322	  0.000000	  0.003451	  0.980227	
  0.533218	  0.054261	  0.161506	  0.251015	
  0.044391	  0.948817	  0.002426	  0.004366	
  0.049348	  0.568302	  0.026863	  0.355487	
  0.212594	  0.222216	  0.291278	  0.273913	

MOTIF ARX 

letter-probability matrix: alength= 4 w= 13 nsites= 8355 E= 0
  0.264560	  0.275137	  0.173383	  0.286919	
  0.150036	  0.052128	  0.020601	  0.777234	
  0.860698	  0.010831	  0.063832	  0.064639	
  0.980701	  0.004858	  0.010503	  0.003939	
  0.059676	  0.100216	  0.032541	  0.807568	
  0.036795	  0.297448	  0.076677	  0.589080	
  0.358549	  0.175392	  0.195475	  0.270585	
  0.665073	  0.064730	  0.250582	  0.019615	
  0.867193	  0.025656	  0.078477	  0.028674	
  0.009181	  0.018492	  0.006336	  0.965990	
  0.118970	  0.079664	  0.016290	  0.785076	
  0.867596	  0.014170	  0.034495	  0.083740	
  0.408032	  0.178447	  0.247523	  0.165997	

MOTIF ASCL2 

letter-probability matrix: alength= 4 w= 17 nsites= 1000 E= 0
  0.168852	  0.325948	  0.188604	  0.316596	
  0.150343	  0.193286	  0.241301	  0.415069	
  0.091518	  0.482905	  0.122928	  0.302648	
  0.472493	  0.198776	  0.225796	  0.102935	
  0.294513	  0.179919	  0.447250	  0.078318	
  0.014660	  0.972080	  0.005591	  0.007668	
  0.954848	  0.008107	  0.008474	  0.028571	
  0.006076	  0.178912	  0.760022	  0.054991	
  0.052082	  0.817414	  0.124797	  0.005707	
  0.019342	  0.010406	  0.008905	  0.961347	
  0.005455	  0.008073	  0.977684	  0.008788	
  0.042946	  0.715551	  0.087020	  0.154483	
  0.116888	  0.241739	  0.170073	  0.471300	
  0.315931	  0.324343	  0.291451	  0.068274	
  0.199164	  0.366921	  0.163690	  0.270226	
  0.218561	  0.211076	  0.187732	  0.382631	
  0.145317	  0.139808	  0.389262	  0.325614	

MOTIF ATF1 

letter-probability matrix: alength= 4 w= 10 nsites= 34 E= 0
  0.306298	  0.340649	  0.340649	  0.012405	
  0.000000	  0.000000	  0.000000	  1.000000	
  0.000000	  0.000000	  1.000000	  0.000000	
  1.000000	  0.000000	  0.000000	  0.000000	
  0.000000	  0.969466	  0.030534	  0.000000	
  0.030534	  0.000000	  0.969466	  0.000000	
  0.019084	  0.070611	  0.000000	  0.910305	
  0.082061	  0.562977	  0.263359	  0.091603	
  0.742366	  0.156489	  0.062977	  0.038168	
  0.193702	  0.392176	  0.296756	  0.117366	

MOTIF ATF2 

letter-probability matrix: alength= 4 w= 9 nsites= 90 E= 0
  0.291379	  0.241724	  0.368621	  0.098276	
  0.000000	  0.000000	  0.000000	  1.000000	
  0.000000	  0.023448	  0.951724	  0.024828	
  1.000000	  0.000000	  0.000000	  0.000000	
  0.011034	  0.771034	  0.078621	  0.139310	
  0.000000	  0.031724	  0.924138	  0.044138	
  0.053793	  0.093793	  0.024828	  0.827586	
  0.314483	  0.517931	  0.080000	  0.087586	
  0.785862	  0.089310	  0.065862	  0.058966	

MOTIF ATF3 

letter-probability matrix: alength= 4 w= 9 nsites= 2036 E= 0
  0.222585	  0.211929	  0.432843	  0.132643	
  0.007122	  0.004400	  0.006012	  0.982466	
  0.001471	  0.008825	  0.987634	  0.002071	
  0.968500	  0.007290	  0.004516	  0.019695	
  0.006464	  0.647985	  0.067593	  0.277959	
  0.026542	  0.063561	  0.550505	  0.359393	
  0.053728	  0.502834	  0.012799	  0.430640	
  0.333978	  0.438309	  0.126978	  0.100734	
  0.559788	  0.125720	  0.158724	  0.155768	

MOTIF ATF4 

letter-probability matrix: alength= 4 w= 13 nsites= 960 E= 0
  0.235162	  0.079507	  0.494961	  0.190370	
  0.186123	  0.128855	  0.450441	  0.234581	
  0.658084	  0.208033	  0.130793	  0.003090	
  0.000000	  0.000000	  0.007085	  0.992915	
  0.016964	  0.000000	  0.973214	  0.009821	
  0.972618	  0.000000	  0.000000	  0.027382	
  0.002345	  0.436108	  0.010551	  0.550996	
  0.000902	  0.000000	  0.995491	  0.003607	
  0.039722	  0.832175	  0.015889	  0.112214	
  0.973941	  0.022801	  0.000000	  0.003257	
  0.991071	  0.003348	  0.001116	  0.004464	
  0.000000	  0.255278	  0.059501	  0.685221	
  0.478613	  0.314451	  0.116763	  0.090173	

MOTIF ATF5 

letter-probability matrix: alength= 4 w= 12 nsites= 33 E= 0
  0.243443	  0.059836	  0.095902	  0.600820	
  0.885246	  0.026230	  0.029508	  0.059016	
  0.914754	  0.000000	  0.000000	  0.085246	
  0.000000	  0.000000	  0.940984	  0.059016	
  0.029508	  0.000000	  0.970492	  0.000000	
  0.504918	  0.026230	  0.383607	  0.085246	
  0.852459	  0.029508	  0.029508	  0.088525	
  0.026230	  0.026230	  0.947541	  0.000000	
  1.000000	  0.000000	  0.000000	  0.000000	
  0.436066	  0.118033	  0.416393	  0.029508	
  0.203279	  0.029508	  0.619672	  0.147541	
  0.163115	  0.133607	  0.428689	  0.274590	

MOTIF ATF6 

letter-probability matrix: alength= 4 w= 12 nsites= 20 E= 0
  0.184615	  0.184615	  0.584615	  0.046154	
  0.000000	  0.215385	  0.323077	  0.461538	
  0.000000	  0.261538	  0.600000	  0.138462	
  0.092308	  0.400000	  0.461538	  0.046154	
  0.000000	  0.030769	  0.000000	  0.969231	
  0.000000	  0.046154	  0.953846	  0.000000	
  0.923077	  0.046154	  0.000000	  0.030769	
  0.000000	  1.000000	  0.000000	  0.000000	
  0.000000	  0.000000	  1.000000	  0.000000	
  0.000000	  0.000000	  0.000000	  1.000000	
  0.000000	  0.092308	  0.907692	  0.000000	
  0.092308	  0.000000	  0.907692	  0.000000	

MOTIF ATF7 

letter-probability matrix: alength= 4 w= 14 nsites= 20551 E= 0
  0.202897	  0.341749	  0.215261	  0.240093	
  0.265391	  0.126229	  0.377600	  0.230781	
  0.822161	  0.015653	  0.160442	  0.001744	
  0.000567	  0.000206	  0.002218	  0.997008	
  0.001231	  0.000331	  0.915156	  0.083282	
  0.995981	  0.000412	  0.002989	  0.000618	
  0.001028	  0.993779	  0.001697	  0.003496	
  0.004068	  0.000463	  0.995263	  0.000206	
  0.001286	  0.000823	  0.003959	  0.993932	
  0.122081	  0.874615	  0.002308	  0.000995	
  0.996803	  0.000103	  0.002527	  0.000567	
  0.003020	  0.269001	  0.016203	  0.711776	
  0.291169	  0.419887	  0.110145	  0.178799	
  0.293829	  0.254513	  0.304795	  0.146863	

MOTIF ATOH1 

letter-probability matrix: alength= 4 w= 12 nsites= 3441 E= 0
  0.296135	  0.237140	  0.320837	  0.145888	
  0.208951	  0.237140	  0.271142	  0.282767	
  0.485905	  0.038070	  0.467887	  0.008137	
  0.279861	  0.418192	  0.299913	  0.002034	
  0.002034	  0.993897	  0.002034	  0.002034	
  0.993897	  0.002034	  0.002034	  0.002034	
  0.002034	  0.002034	  0.717815	  0.278117	
  0.380994	  0.614938	  0.002034	  0.002034	
  0.002034	  0.002034	  0.002034	  0.993897	
  0.002034	  0.002034	  0.993897	  0.002034	
  0.002034	  0.269108	  0.498983	  0.229875	
  0.036036	  0.459750	  0.058123	  0.446091	

MOTIF BACH1 

letter-probability matrix: alength= 4 w= 14 nsites= 8 E= 0
  0.136986	  0.246575	  0.000000	  0.616438	
  0.109589	  0.000000	  0.890411	  0.000000	
  0.000000	  1.000000	  0.000000	  0.000000	
  0.000000	  0.109589	  0.000000	  0.890411	
  0.000000	  0.000000	  1.000000	  0.000000	
  0.890411	  0.000000	  0.000000	  0.109589	
  0.000000	  0.246575	  0.753425	  0.000000	
  0.000000	  0.000000	  0.000000	  1.000000	
  0.000000	  1.000000	  0.000000	  0.000000	
  1.000000	  0.000000	  0.000000	  0.000000	
  0.136986	  0.383562	  0.000000	  0.479452	
  0.109589	  0.000000	  0.753425	  0.136986	
  0.000000	  0.260274	  0.630137	  0.109589	
  0.000000	  0.000000	  0.000000	  1.000000	

MOTIF BACH2 

letter-probability matrix: alength= 4 w= 15 nsites= 447 E= 0
  0.374478	  0.172113	  0.356983	  0.096427	
  0.153001	  0.365905	  0.305841	  0.175253	
  0.155130	  0.281004	  0.384515	  0.179351	
  0.367188	  0.199750	  0.414087	  0.018975	
  0.002028	  0.000000	  0.016930	  0.981042	
  0.001720	  0.002111	  0.990848	  0.005320	
  0.960927	  0.028073	  0.005394	  0.005605	
  0.036362	  0.001956	  0.948728	  0.012953	
  0.000000	  0.000000	  0.003828	  0.996172	
  0.018622	  0.968007	  0.013372	  0.000000	
  0.988265	  0.001898	  0.005726	  0.004111	
  0.023014	  0.337292	  0.226424	  0.413269	
  0.130602	  0.372157	  0.374502	  0.122739	
  0.259848	  0.239110	  0.360048	  0.140994	
  0.111444	  0.348295	  0.231615	  0.308646	

MOTIF BARHL1 

letter-probability matrix: alength= 4 w= 10 nsites= 6991 E= 0
  0.250806	  0.281181	  0.310708	  0.157305	
  0.221279	  0.361955	  0.141184	  0.275581	
  0.091520	  0.008098	  0.000000	  0.900382	
  0.866235	  0.000000	  0.001323	  0.132442	
  0.991420	  0.000000	  0.007571	  0.001009	
  0.663626	  0.026802	  0.105068	  0.204505	
  0.044903	  0.595975	  0.026699	  0.332423	
  0.141995	  0.035861	  0.711543	  0.110601	
  0.232010	  0.236422	  0.338595	  0.192974	
  0.159369	  0.263069	  0.104039	  0.473523	

MOTIF BARHL2 

letter-probability matrix: alength= 4 w= 10 nsites= 16722 E= 0
  0.176058	  0.269625	  0.354936	  0.199381	
  0.182262	  0.351314	  0.157149	  0.309275	
  0.014510	  0.000000	  0.000000	  0.985490	
  1.000000	  0.000000	  0.000000	  0.000000	
  1.000000	  0.000000	  0.000000	  0.000000	
  0.261503	  0.011251	  0.114824	  0.612422	
  0.107005	  0.161475	  0.119717	  0.611803	
  0.162326	  0.000000	  0.817481	  0.020192	
  0.203936	  0.318701	  0.269712	  0.207651	
  0.165073	  0.273309	  0.153100	  0.408519	

MOTIF BARX1 

letter-probability matrix: alength= 4 w= 17 nsites= 2361 E= 0
  0.128716	  0.570947	  0.075084	  0.225253	
  0.340445	  0.322820	  0.250464	  0.086271	
  0.715612	  0.128692	  0.099156	  0.056540	
  0.003153	  0.004054	  0.001802	  0.990991	
  0.003118	  0.029399	  0.002673	  0.964811	
  0.950930	  0.004132	  0.008264	  0.036674	
  0.716965	  0.047937	  0.061692	  0.173406	
  0.641785	  0.074644	  0.063486	  0.220085	
  0.424054	  0.032103	  0.048874	  0.494969	
  0.638739	  0.072636	  0.114143	  0.174481	
  0.271759	  0.286574	  0.258796	  0.182870	
  0.097775	  0.716116	  0.087323	  0.098786	
  0.279359	  0.231317	  0.456406	  0.032918	
  0.682035	  0.157393	  0.075914	  0.084658	
  0.001897	  0.001897	  0.000000	  0.996207	
  0.010909	  0.033636	  0.002273	  0.953182	
  0.900290	  0.006292	  0.017425	  0.075992	

MOTIF BARX2 

letter-probability matrix: alength= 4 w= 16 nsites= 1000 E= 0
  0.192206	  0.148293	  0.146006	  0.513495	
  0.514523	  0.165001	  0.119088	  0.201388	
  0.632530	  0.111560	  0.231101	  0.024809	
  0.105387	  0.198613	  0.385537	  0.310463	
  0.005663	  0.269485	  0.001278	  0.723575	
  0.959372	  0.029759	  0.003956	  0.006913	
  0.978443	  0.007610	  0.003443	  0.010504	
  0.010504	  0.003443	  0.007610	  0.978443	
  0.006913	  0.003956	  0.029759	  0.959372	
  0.723575	  0.001278	  0.269485	  0.005663	
  0.270117	  0.230775	  0.347509	  0.151599	
  0.024809	  0.231101	  0.111560	  0.632530	
  0.099244	  0.102528	  0.381140	  0.417088	
  0.343508	  0.100561	  0.320672	  0.235259	
  0.178539	  0.197399	  0.105087	  0.518975	
  0.383123	  0.112330	  0.329672	  0.174876	

MOTIF BATF3 

letter-probability matrix: alength= 4 w= 14 nsites= 627 E= 0
  0.050441	  0.123581	  0.037831	  0.788146	
  0.027778	  0.013285	  0.938406	  0.020531	
  0.925234	  0.025701	  0.046729	  0.002336	
  0.001364	  0.000000	  0.000000	  0.998636	
  0.000000	  0.000000	  1.000000	  0.000000	
  1.000000	  0.000000	  0.000000	  0.000000	
  0.002008	  0.997992	  0.000000	  0.000000	
  0.010610	  0.000000	  0.989390	  0.000000	
  0.000000	  0.000000	  0.002882	  0.997118	
  0.011450	  0.979008	  0.003817	  0.005725	
  0.995261	  0.000000	  0.000000	  0.004739	
  0.006623	  0.051656	  0.035762	  0.905960	
  0.032086	  0.926916	  0.012478	  0.028520	
  0.618718	  0.041594	  0.254766	  0.084922	

MOTIF BATF 

letter-probability matrix: alength= 4 w= 10 nsites= 1878 E= 0
  0.411651	  0.303905	  0.143359	  0.141085	
  0.049164	  0.000000	  0.010356	  0.940480	
  0.000000	  0.034680	  0.872813	  0.092506	
  0.958082	  0.000000	  0.003596	  0.038321	
  0.000000	  0.000000	  0.937361	  0.062639	
  0.000530	  0.011034	  0.035116	  0.953319	
  0.088098	  0.909382	  0.002520	  0.000000	
  0.993133	  0.000000	  0.000000	  0.006867	
  0.123012	  0.142006	  0.261888	  0.473095	
  0.387482	  0.189535	  0.092862	  0.330121	

MOTIF BBX 

letter-probability matrix: alength= 4 w= 15 nsites= 1000 E= 0
  0.243561	  0.194936	  0.123150	  0.438353	
  0.606538	  0.159878	  0.056476	  0.177109	
  0.460256	  0.141315	  0.215237	  0.183192	
  0.134434	  0.033508	  0.053304	  0.778753	
  0.091333	  0.019966	  0.020704	  0.867997	
  0.136284	  0.753571	  0.062560	  0.047585	
  0.917109	  0.031475	  0.015472	  0.035944	
  0.452244	  0.084890	  0.121698	  0.341168	
  0.035944	  0.015472	  0.031475	  0.917109	
  0.047585	  0.062560	  0.753571	  0.136284	
  0.867997	  0.020704	  0.019966	  0.091333	
  0.778753	  0.053304	  0.033508	  0.134434	
  0.123705	  0.284125	  0.353361	  0.238808	
  0.291282	  0.126574	  0.120737	  0.461406	
  0.330626	  0.062565	  0.348868	  0.257941	

MOTIF BCL11A 

letter-probability matrix: alength= 4 w= 8 nsites= 533 E= 0
  0.070350	  0.002181	  0.084726	  0.842744	
  0.001617	  0.047001	  0.893251	  0.058132	
  0.110010	  0.005575	  0.059784	  0.824630	
  0.001247	  0.000589	  0.988686	  0.009478	
  0.009903	  0.014078	  0.906910	  0.069108	
  0.003741	  0.165849	  0.189978	  0.640431	
  0.051014	  0.212564	  0.155222	  0.581200	
  0.293111	  0.042708	  0.222444	  0.441737	

MOTIF BCL3 

letter-probability matrix: alength= 4 w= 19 nsites= 1180 E= 0
  0.332526	  0.190325	  0.439527	  0.037622	
  0.089519	  0.006767	  0.021217	  0.882497	
  0.007892	  0.303623	  0.640753	  0.047732	
  0.403283	  0.000903	  0.245493	  0.350321	
  0.027813	  0.374658	  0.588963	  0.008567	
  0.194468	  0.247628	  0.042227	  0.515677	
  0.344193	  0.234313	  0.415051	  0.006443	
  0.578030	  0.055223	  0.095362	  0.271386	
  0.110735	  0.201047	  0.439439	  0.248779	
  0.158756	  0.172745	  0.390526	  0.277973	
  0.386454	  0.121801	  0.410442	  0.081303	
  0.064323	  0.062856	  0.303874	  0.568947	
  0.030315	  0.130049	  0.792514	  0.047123	
  0.522851	  0.048885	  0.114752	  0.313512	
  0.053960	  0.363459	  0.446550	  0.136032	
  0.194791	  0.144514	  0.272411	  0.388284	
  0.126030	  0.378817	  0.403332	  0.091821	
  0.270229	  0.206086	  0.121508	  0.402177	
  0.139508	  0.121714	  0.615852	  0.122926	

MOTIF BCL6B 

letter-probability matrix: alength= 4 w= 16 nsites= 1000 E= 0
  0.346550	  0.082299	  0.202982	  0.368169	
  0.169328	  0.599178	  0.046508	  0.184986	
  0.085619	  0.105820	  0.059390	  0.749172	
  0.128756	  0.084682	  0.076780	  0.709782	
  0.032381	  0.009923	  0.016476	  0.941220	
  0.013184	  0.868651	  0.009399	  0.108766	
  0.018397	  0.104497	  0.450474	  0.426632	
  0.800902	  0.010911	  0.015982	  0.172205	
  0.141166	  0.055397	  0.762379	  0.041058	
  0.073467	  0.021239	  0.811630	  0.093665	
  0.878497	  0.015031	  0.044964	  0.061509	
  0.875924	  0.027012	  0.013780	  0.083283	
  0.205684	  0.213313	  0.040936	  0.540067	
  0.244336	  0.228277	  0.168227	  0.359160	
  0.208971	  0.304437	  0.148473	  0.338119	
  0.201607	  0.294079	  0.334889	  0.169425	

MOTIF BCL6 

letter-probability matrix: alength= 4 w= 15 nsites= 3881 E= 0
  0.224942	  0.276990	  0.205875	  0.292193	
  0.271064	  0.205875	  0.219016	  0.304045	
  0.221077	  0.217985	  0.347848	  0.213089	
  0.217985	  0.390106	  0.163875	  0.228034	
  0.120072	  0.233960	  0.061067	  0.584901	
  0.031951	  0.206905	  0.052048	  0.709096	
  0.027055	  0.057975	  0.030920	  0.884051	
  0.017006	  0.888173	  0.022932	  0.071889	
  0.024994	  0.647771	  0.012110	  0.315125	
  0.623035	  0.009018	  0.024994	  0.342953	
  0.115949	  0.012883	  0.842051	  0.029116	
  0.064932	  0.032981	  0.867045	  0.035043	
  0.787941	  0.047926	  0.136047	  0.028086	
  0.867045	  0.040969	  0.053079	  0.038907	
  0.413038	  0.174955	  0.222108	  0.189900	

MOTIF BHLHA15 

letter-probability matrix: alength= 4 w= 10 nsites= 10196 E= 0
  0.685227	  0.067902	  0.139647	  0.107224	
  0.248448	  0.705233	  0.045925	  0.000394	
  0.002946	  0.996465	  0.000589	  0.000000	
  0.989952	  0.001073	  0.008780	  0.000195	
  0.000000	  0.000000	  0.005391	  0.994609	
  0.993344	  0.006656	  0.000000	  0.000000	
  0.000677	  0.018461	  0.000000	  0.980862	
  0.000000	  0.000000	  0.997641	  0.002359	
  0.000887	  0.122980	  0.587111	  0.289022	
  0.159440	  0.234726	  0.043260	  0.562574	

MOTIF BHLHE22 

letter-probability matrix: alength= 4 w= 12 nsites= 5262 E= 0
  0.509389	  0.137036	  0.171394	  0.182181	
  0.835002	  0.009176	  0.148482	  0.007341	
  0.555245	  0.256943	  0.186214	  0.001598	
  0.004178	  0.995822	  0.000000	  0.000000	
  0.983494	  0.000000	  0.013166	  0.003341	
  0.000000	  0.000798	  0.000200	  0.999002	
  0.998404	  0.000997	  0.000598	  0.000000	
  0.009087	  0.022235	  0.000967	  0.967711	
  0.000000	  0.000797	  0.997807	  0.001396	
  0.002597	  0.240360	  0.353846	  0.403197	
  0.035693	  0.215629	  0.013514	  0.735165	
  0.304357	  0.182054	  0.192646	  0.320943	

MOTIF BHLHE23 

letter-probability matrix: alength= 4 w= 10 nsites= 585 E= 0
  0.703654	  0.035183	  0.232747	  0.028417	
  0.362764	  0.439539	  0.190019	  0.007678	
  0.011407	  0.988593	  0.000000	  0.000000	
  0.931900	  0.010753	  0.043011	  0.014337	
  0.000000	  0.003831	  0.000000	  0.996169	
  0.984848	  0.007576	  0.003788	  0.003788	
  0.018998	  0.082902	  0.000000	  0.898100	
  0.000000	  0.003802	  0.988593	  0.007605	
  0.007678	  0.370441	  0.236084	  0.385797	
  0.043321	  0.305656	  0.025271	  0.625752	

MOTIF BHLHE40 

letter-probability matrix: alength= 4 w= 23 nsites= 1000 E= 0
  0.120938	  0.344851	  0.124072	  0.410138	
  0.220931	  0.169844	  0.422396	  0.186829	
  0.127752	  0.260812	  0.103811	  0.507625	
  0.140641	  0.405473	  0.287668	  0.166218	
  0.296957	  0.155579	  0.301094	  0.246370	
  0.219647	  0.287193	  0.154072	  0.339087	
  0.049294	  0.026058	  0.121789	  0.802859	
  0.520042	  0.289284	  0.173423	  0.017251	
  0.049190	  0.943472	  0.004308	  0.003030	
  0.902609	  0.006767	  0.074770	  0.015854	
  0.003221	  0.971329	  0.005512	  0.019937	
  0.019937	  0.005512	  0.971329	  0.003221	
  0.015854	  0.074770	  0.006767	  0.902609	
  0.003030	  0.004308	  0.943472	  0.049190	
  0.003497	  0.088920	  0.685942	  0.221641	
  0.802859	  0.121789	  0.026058	  0.049294	
  0.334544	  0.155170	  0.275193	  0.235092	
  0.275957	  0.132104	  0.454982	  0.136957	
  0.134097	  0.254352	  0.422940	  0.188611	
  0.396163	  0.432784	  0.051281	  0.119772	
  0.276474	  0.115627	  0.419844	  0.188056	
  0.160759	  0.088061	  0.649863	  0.101318	
  0.203314	  0.166595	  0.106821	  0.523270	

MOTIF BHLHE41 

letter-probability matrix: alength= 4 w= 10 nsites= 6607 E= 0
  0.302309	  0.109266	  0.582263	  0.006163	
  0.013032	  0.002261	  0.243484	  0.741223	
  0.000358	  0.998925	  0.000538	  0.000179	
  0.993583	  0.002139	  0.003743	  0.000535	
  0.000179	  0.998746	  0.000179	  0.000896	
  0.000359	  0.000179	  0.999462	  0.000000	
  0.003378	  0.002844	  0.002844	  0.990933	
  0.000179	  0.000179	  0.999641	  0.000000	
  0.815747	  0.179862	  0.001024	  0.003366	
  0.008609	  0.648441	  0.114588	  0.228362	

MOTIF BPTF 

letter-probability matrix: alength= 4 w= 14 nsites= 130 E= 0
  0.617437	  0.087723	  0.248789	  0.046052	
  0.503010	  0.277668	  0.122728	  0.096594	
  0.375636	  0.351088	  0.172303	  0.100973	
  0.251732	  0.705943	  0.014225	  0.028100	
  0.937872	  0.011097	  0.027333	  0.023698	
  0.475498	  0.416519	  0.004828	  0.103155	
  0.991184	  0.000000	  0.008816	  0.000000	
  0.967026	  0.006634	  0.015085	  0.011255	
  0.154998	  0.752545	  0.058670	  0.033788	
  0.890895	  0.086476	  0.012871	  0.009758	
  0.372388	  0.466432	  0.013476	  0.147705	
  0.651333	  0.040864	  0.261683	  0.046120	
  0.361961	  0.302358	  0.126427	  0.209254	
  0.667853	  0.059073	  0.165120	  0.107954	

MOTIF BRCA1 

letter-probability matrix: alength= 4 w= 9 nsites= 73 E= 0
  0.144038	  0.197200	  0.290470	  0.368291	
  0.189476	  0.000000	  0.275493	  0.535030	
  0.028032	  0.125181	  0.153213	  0.693574	
  0.056063	  0.344611	  0.481868	  0.117457	
  0.028032	  0.149840	  0.450936	  0.371192	
  0.000000	  0.000000	  0.870467	  0.129533	
  0.000000	  0.028032	  0.000000	  0.971968	
  0.000000	  0.000000	  0.000000	  1.000000	
  0.063071	  0.073225	  0.828664	  0.035040	

MOTIF BSX 

letter-probability matrix: alength= 4 w= 8 nsites= 9110 E= 0
  0.164062	  0.444860	  0.259284	  0.131793	
  0.071495	  0.580380	  0.010704	  0.337421	
  0.456975	  0.281137	  0.248755	  0.013134	
  0.868437	  0.019076	  0.105998	  0.006490	
  0.000000	  0.000000	  0.000000	  1.000000	
  0.010753	  0.000000	  0.000000	  0.989247	
  1.000000	  0.000000	  0.000000	  0.000000	
  0.313632	  0.268229	  0.273664	  0.144475	

MOTIF CBFB 

letter-probability matrix: alength= 4 w= 11 nsites= 23 E= 0
  0.015152	  0.263636	  0.178788	  0.542424	
  0.042424	  0.418182	  0.133333	  0.406061	
  0.030303	  0.000000	  0.048485	  0.921212	
  0.000000	  0.151515	  0.812121	  0.036364	
  0.000000	  0.248485	  0.000000	  0.751515	
  0.072727	  0.000000	  0.927273	  0.000000	
  0.036364	  0.000000	  0.963636	  0.000000	
  0.000000	  0.000000	  0.236364	  0.763636	
  0.054545	  0.424242	  0.048485	  0.472727	
  0.381818	  0.036364	  0.187879	  0.393939	
  0.054545	  0.321212	  0.339394	  0.284848	

MOTIF CDC5L 

letter-probability matrix: alength= 4 w= 12 nsites= 297 E= 0
  0.059908	  0.079773	  0.792324	  0.067995	
  0.637520	  0.068705	  0.078567	  0.215209	
  0.094391	  0.023720	  0.220086	  0.661803	
  0.041661	  0.021933	  0.040921	  0.895484	
  0.095707	  0.015258	  0.011329	  0.877706	
  0.961205	  0.014511	  0.010330	  0.013954	
  0.864965	  0.053596	  0.017440	  0.063999	
  0.189692	  0.410758	  0.025695	  0.373856	
  0.703313	  0.025948	  0.165308	  0.105431	
  0.093719	  0.130012	  0.021149	  0.755121	
  0.807936	  0.047510	  0.118586	  0.025969	
  0.706674	  0.020949	  0.171432	  0.100945	

MOTIF CDX1 

letter-probability matrix: alength= 4 w= 8 nsites= 30 E= 0
  0.465950	  0.243728	  0.048387	  0.241935	
  0.032258	  0.000000	  0.096774	  0.870968	
  0.032258	  0.000000	  0.032258	  0.935484	
  0.064516	  0.053763	  0.129032	  0.752688	
  0.806452	  0.000000	  0.161290	  0.032258	
  0.247312	  0.093190	  0.032258	  0.627240	
  0.206093	  0.000000	  0.793907	  0.000000	
  0.199821	  0.099462	  0.339606	  0.361111	

MOTIF CDX2 

letter-probability matrix: alength= 4 w= 16 nsites= 1000 E= 0
  0.314704	  0.147028	  0.248638	  0.289630	
  0.358628	  0.179740	  0.325491	  0.136141	
  0.298646	  0.303363	  0.300590	  0.097401	
  0.188478	  0.055557	  0.664045	  0.091921	
  0.171259	  0.033449	  0.790542	  0.004751	
  0.002849	  0.464940	  0.000596	  0.531615	
  0.576948	  0.399193	  0.001565	  0.022295	
  0.968872	  0.001511	  0.028582	  0.001035	
  0.006970	  0.003535	  0.000486	  0.989010	
  0.878078	  0.003399	  0.000389	  0.118134	
  0.951183	  0.000842	  0.001555	  0.046419	
  0.939504	  0.006021	  0.000818	  0.053657	
  0.567732	  0.151536	  0.050535	  0.230197	
  0.172713	  0.264434	  0.122553	  0.440299	
  0.142175	  0.107265	  0.258247	  0.492313	
  0.215178	  0.302818	  0.133613	  0.348391	

MOTIF CEBPA 

letter-probability matrix: alength= 4 w= 10 nsites= 330 E= 0
  0.355315	  0.242523	  0.281081	  0.121081	
  0.072072	  0.077477	  0.078198	  0.772252	
  0.074234	  0.025946	  0.292613	  0.607207	
  0.311171	  0.060360	  0.390090	  0.238378	
  0.206667	  0.098198	  0.239820	  0.455315	
  0.002883	  0.065946	  0.921081	  0.010090	
  0.230811	  0.588468	  0.005766	  0.174955	
  0.965135	  0.026757	  0.000450	  0.007658	
  0.977658	  0.003243	  0.012613	  0.006486	
  0.095586	  0.198288	  0.164234	  0.541892	

MOTIF CEBPB 

letter-probability matrix: alength= 4 w= 10 nsites= 9808 E= 0
  0.289967	  0.092985	  0.336052	  0.280995	
  0.464009	  0.159971	  0.356036	  0.019984	
  0.016007	  0.001020	  0.006015	  0.976958	
  0.044963	  0.001020	  0.920983	  0.033034	
  0.377957	  0.002957	  0.001020	  0.618067	
  0.080954	  0.049042	  0.117047	  0.752957	
  0.003976	  0.001020	  0.993985	  0.001020	
  0.063010	  0.866945	  0.001020	  0.069025	
  0.996941	  0.001020	  0.001020	  0.001020	
  0.987051	  0.008972	  0.001020	  0.002957	

MOTIF CEBPD 

letter-probability matrix: alength= 4 w= 10 nsites= 7578 E= 0
  0.520176	  0.177970	  0.270423	  0.031431	
  0.000000	  0.000000	  0.000283	  0.999717	
  0.000128	  0.000128	  0.096316	  0.903428	
  0.436937	  0.000644	  0.472072	  0.090347	
  0.011285	  0.905745	  0.004360	  0.078610	
  0.101307	  0.010454	  0.879029	  0.009210	
  0.096497	  0.819183	  0.000348	  0.083971	
  0.980019	  0.019287	  0.000000	  0.000694	
  1.000000	  0.000000	  0.000000	  0.000000	
  0.007360	  0.409023	  0.029985	  0.553632	

MOTIF CEBPE 

letter-probability matrix: alength= 4 w= 10 nsites= 4431 E= 0
  0.449170	  0.227479	  0.271515	  0.051837	
  0.006885	  0.012294	  0.003688	  0.977133	
  0.004617	  0.001979	  0.119613	  0.873791	
  0.407939	  0.001570	  0.483292	  0.107199	
  0.025095	  0.838043	  0.015816	  0.121046	
  0.151197	  0.034435	  0.786463	  0.027904	
  0.123423	  0.783517	  0.002563	  0.090497	
  0.951173	  0.047870	  0.000000	  0.000957	
  0.998994	  0.000000	  0.000000	  0.001006	
  0.012981	  0.436630	  0.049091	  0.501298	

MOTIF CEBPG 

letter-probability matrix: alength= 4 w= 13 nsites= 22 E= 0
  0.600000	  0.177143	  0.148571	  0.074286	
  0.000000	  0.000000	  0.000000	  1.000000	
  0.000000	  0.045714	  0.262857	  0.691429	
  0.201429	  0.007143	  0.390000	  0.401429	
  0.125714	  0.160000	  0.222857	  0.491429	
  0.000000	  0.160000	  0.840000	  0.000000	
  0.120000	  0.671429	  0.000000	  0.208571	
  1.000000	  0.000000	  0.000000	  0.000000	
  1.000000	  0.000000	  0.000000	  0.000000	
  0.000000	  0.165714	  0.028571	  0.805714	
  0.122857	  0.514286	  0.237143	  0.125714	
  0.092857	  0.087143	  0.218571	  0.601429	
  0.097143	  0.240000	  0.365714	  0.297143	

MOTIF CEBPZ 

letter-probability matrix: alength= 4 w= 11 nsites= 26 E= 0
  0.313802	  0.032552	  0.345052	  0.308594	
  0.000000	  0.687500	  0.223958	  0.088542	
  0.026042	  0.218750	  0.000000	  0.755208	
  0.000000	  0.364583	  0.567708	  0.067708	
  1.000000	  0.000000	  0.000000	  0.000000	
  0.000000	  0.000000	  0.000000	  1.000000	
  0.000000	  0.000000	  0.000000	  1.000000	
  0.000000	  0.000000	  1.000000	  0.000000	
  0.000000	  0.000000	  1.000000	  0.000000	
  0.026042	  0.796875	  0.000000	  0.177083	
  0.006510	  0.131510	  0.032552	  0.829427	

MOTIF CENPB 

letter-probability matrix: alength= 4 w= 15 nsites= 6427 E= 0
  0.097829	  0.796915	  0.000428	  0.104827	
  0.017159	  0.957447	  0.000686	  0.024708	
  0.000357	  0.996963	  0.000179	  0.002501	
  0.028135	  0.030249	  0.907465	  0.034152	
  0.001254	  0.582950	  0.148663	  0.267133	
  0.395878	  0.112724	  0.205556	  0.285842	
  0.047068	  0.068621	  0.000000	  0.884311	
  0.305735	  0.293548	  0.207348	  0.193369	
  0.231720	  0.316667	  0.265054	  0.186559	
  0.388530	  0.147312	  0.136201	  0.327957	
  0.536536	  0.101019	  0.275546	  0.086900	
  0.047531	  0.933891	  0.001841	  0.016736	
  0.133395	  0.013003	  0.853603	  0.000000	
  0.686685	  0.071622	  0.007507	  0.234187	
  0.910872	  0.046686	  0.009631	  0.032811	

MOTIF CHD1 

letter-probability matrix: alength= 4 w= 15 nsites= 177 E= 0
  0.000000	  0.898305	  0.101695	  0.000000	
  0.000000	  0.107345	  0.553672	  0.338983	
  0.000000	  0.802260	  0.158192	  0.039548	
  0.101695	  0.723164	  0.016949	  0.158192	
  0.022599	  0.485876	  0.491525	  0.000000	
  0.005650	  0.830508	  0.000000	  0.163842	
  0.101695	  0.587571	  0.033898	  0.276836	
  0.062147	  0.316384	  0.316384	  0.305085	
  0.005650	  0.841808	  0.005650	  0.146893	
  0.000000	  0.920904	  0.079096	  0.000000	
  0.141243	  0.406780	  0.350282	  0.101695	
  0.000000	  0.881356	  0.101695	  0.016949	
  0.005650	  0.723164	  0.005650	  0.265537	
  0.033898	  0.107345	  0.553672	  0.305085	
  0.022599	  0.920904	  0.000000	  0.056497	

MOTIF CHD2 

letter-probability matrix: alength= 4 w= 13 nsites= 230 E= 0
  0.626087	  0.100000	  0.143478	  0.130435	
  0.482609	  0.034783	  0.395652	  0.086957	
  0.386957	  0.269565	  0.217391	  0.126087	
  0.026087	  0.160870	  0.034783	  0.778261	
  0.200000	  0.700000	  0.091304	  0.008696	
  0.013043	  0.169565	  0.026087	  0.791304	
  0.000000	  0.995652	  0.000000	  0.004348	
  0.004348	  0.000000	  0.995652	  0.000000	
  0.000000	  0.991304	  0.000000	  0.008696	
  0.000000	  0.000000	  1.000000	  0.000000	
  0.965217	  0.021739	  0.013043	  0.000000	
  0.013043	  0.017391	  0.900000	  0.069565	
  0.865217	  0.043478	  0.078261	  0.013043	

MOTIF CLOCK 

letter-probability matrix: alength= 4 w= 10 nsites= 489 E= 0
  0.526807	  0.081585	  0.216783	  0.174825	
  0.696429	  0.137987	  0.144481	  0.021104	
  0.024775	  0.966216	  0.004505	  0.004505	
  0.955457	  0.011136	  0.033408	  0.000000	
  0.033827	  0.906977	  0.000000	  0.059197	
  0.085288	  0.000000	  0.914712	  0.000000	
  0.006787	  0.011312	  0.011312	  0.970588	
  0.000000	  0.006803	  0.972789	  0.020408	
  0.001445	  0.219653	  0.158960	  0.619942	
  0.206977	  0.297674	  0.090698	  0.404651	

MOTIF CPEB1 

letter-probability matrix: alength= 4 w= 8 nsites= 16122 E= 0
  0.525709	  0.051365	  0.249502	  0.173424	
  0.827471	  0.013391	  0.137299	  0.021839	
  0.005570	  0.000000	  0.004332	  0.990098	
  0.981526	  0.000000	  0.012612	  0.005863	
  0.949235	  0.000000	  0.005999	  0.044765	
  0.938347	  0.001043	  0.033042	  0.027568	
  0.994200	  0.000000	  0.005800	  0.000000	
  0.516227	  0.090019	  0.249787	  0.143967	

MOTIF CREB1 

letter-probability matrix: alength= 4 w= 18 nsites= 83 E= 0
  0.000000	  0.952381	  0.023810	  0.023810	
  0.072289	  0.000000	  0.927711	  0.000000	
  0.023810	  0.119048	  0.000000	  0.857143	
  0.158537	  0.804878	  0.000000	  0.036585	
  0.915663	  0.000000	  0.012048	  0.072289	
  0.060976	  0.182927	  0.109756	  0.646341	
  0.216867	  0.530120	  0.036145	  0.216867	
  0.475610	  0.182927	  0.207317	  0.134146	
  0.154762	  0.273810	  0.452381	  0.119048	
  0.168675	  0.325301	  0.277108	  0.228916	
  0.123457	  0.382716	  0.481481	  0.012346	
  0.204819	  0.385542	  0.204819	  0.204819	
  0.000000	  0.000000	  0.975904	  0.024096	
  0.012048	  0.987952	  0.000000	  0.000000	
  0.012048	  0.000000	  0.987952	  0.000000	
  0.234568	  0.691358	  0.000000	  0.074074	
  0.023810	  0.904762	  0.059524	  0.011905	
  0.123457	  0.172840	  0.641975	  0.061728	

MOTIF CREB3L1 

letter-probability matrix: alength= 4 w= 14 nsites= 69 E= 0
  0.318182	  0.196970	  0.303030	  0.181818	
  0.025974	  0.116883	  0.012987	  0.844156	
  0.000000	  0.000000	  1.000000	  0.000000	
  0.015152	  0.984848	  0.000000	  0.000000	
  0.000000	  1.000000	  0.000000	  0.000000	
  1.000000	  0.000000	  0.000000	  0.000000	
  0.000000	  1.000000	  0.000000	  0.000000	
  0.000000	  0.000000	  1.000000	  0.000000	
  0.000000	  0.000000	  0.000000	  1.000000	
  0.057143	  0.928571	  0.014286	  0.000000	
  0.878378	  0.027027	  0.067568	  0.027027	
  0.045455	  0.363636	  0.181818	  0.409091	
  0.041667	  0.902778	  0.013889	  0.041667	
  0.833333	  0.064103	  0.076923	  0.025641	

MOTIF CREB3L2 

letter-probability matrix: alength= 4 w= 12 nsites= 375 E= 0
  0.035011	  0.080963	  0.096280	  0.787746	
  0.020121	  0.024145	  0.895372	  0.060362	
  0.079872	  0.814696	  0.009585	  0.095847	
  0.000000	  0.862069	  0.112853	  0.025078	
  0.995327	  0.000000	  0.004673	  0.000000	
  0.000000	  1.000000	  0.000000	  0.000000	
  0.000000	  0.000000	  1.000000	  0.000000	
  0.010101	  0.000000	  0.005051	  0.984848	
  0.010482	  0.111111	  0.870021	  0.008386	
  0.082969	  0.000000	  0.853712	  0.063319	
  0.137313	  0.823881	  0.002985	  0.035821	
  0.650456	  0.273556	  0.075988	  0.000000	

MOTIF CREB3 

letter-probability matrix: alength= 4 w= 14 nsites= 348 E= 0
  0.251592	  0.248408	  0.340764	  0.159236	
  0.068230	  0.166311	  0.159915	  0.605544	
  0.037106	  0.000000	  0.723562	  0.239332	
  0.286604	  0.644860	  0.006231	  0.062305	
  0.025830	  0.889299	  0.059041	  0.025830	
  0.996732	  0.000000	  0.000000	  0.003268	
  0.000000	  1.000000	  0.000000	  0.000000	
