MEME version 4

ALPHABET= ACGT

strands: + -

Background letter frequencies (from uniform background):
A 0.25000 C 0.25000 G 0.25000 T 0.25000 

MOTIF ADNP2 ADNP2

letter-probability matrix: alength= 4 w= 9 nsites= 20 E= 0
  0.028000	  0.026000	  0.394000	  0.552000	
  0.033966	  0.339660	  0.228771	  0.397602	
  0.067000	  0.000000	  0.140000	  0.793000	
  0.000000	  1.000000	  0.000000	  0.000000	
  0.000000	  1.000000	  0.000000	  0.000000	
  0.002997	  0.534466	  0.105894	  0.356643	
  0.427000	  0.266000	  0.025000	  0.282000	
  0.093000	  0.123000	  0.784000	  0.000000	
  0.156156	  0.047047	  0.757758	  0.039039	

MOTIF ADNP ADNP

letter-probability matrix: alength= 4 w= 8 nsites= 20 E= 0
  0.122122	  0.374374	  0.060060	  0.443443	
  0.029970	  0.441558	  0.000000	  0.528472	
  0.070000	  0.594000	  0.097000	  0.239000	
  0.060939	  0.167832	  0.771229	  0.000000	
  0.000000	  1.000000	  0.000000	  0.000000	
  0.131000	  0.869000	  0.000000	  0.000000	
  0.000000	  1.000000	  0.000000	  0.000000	
  0.344344	  0.320320	  0.000000	  0.335335	

MOTIF AEBP2 AEBP2

letter-probability matrix: alength= 4 w= 9 nsites= 20 E= 0
  0.000000	  0.000000	  1.000000	  0.000000	
  0.000000	  0.009000	  0.991000	  0.000000	
  0.310689	  0.019980	  0.664336	  0.004995	
  0.000000	  0.000000	  1.000000	  0.000000	
  0.016016	  0.472472	  0.477477	  0.034034	
  0.647000	  0.015000	  0.333000	  0.005000	
  0.159159	  0.185185	  0.181181	  0.474474	
  0.729000	  0.198000	  0.000000	  0.073000	
  0.069930	  0.132867	  0.112887	  0.684316	

MOTIF ALX1 ALX1

letter-probability matrix: alength= 4 w= 8 nsites= 20 E= 0
  0.257000	  0.410000	  0.155000	  0.178000	
  0.008000	  0.505000	  0.022000	  0.465000	
  0.166833	  0.188811	  0.148851	  0.495504	
  0.973000	  0.000000	  0.000000	  0.027000	
  0.000000	  0.000000	  0.000000	  1.000000	
  0.000000	  0.000000	  0.000000	  1.000000	
  0.949000	  0.000000	  0.000000	  0.051000	
  0.581000	  0.087000	  0.089000	  0.243000	

MOTIF ALX3 ALX3

letter-probability matrix: alength= 4 w= 8 nsites= 20 E= 0
  0.302302	  0.332332	  0.094094	  0.271271	
  0.014014	  0.450450	  0.029029	  0.506507	
  0.123000	  0.205000	  0.000000	  0.672000	
  1.000000	  0.000000	  0.000000	  0.000000	
  0.298000	  0.000000	  0.000000	  0.702000	
  0.298000	  0.000000	  0.000000	  0.702000	
  0.496000	  0.000000	  0.073000	  0.431000	
  0.557000	  0.094000	  0.180000	  0.169000	

MOTIF ALX4 ALX4

letter-probability matrix: alength= 4 w= 8 nsites= 20 E= 0
  0.248000	  0.370000	  0.188000	  0.194000	
  0.023023	  0.477477	  0.042042	  0.457457	
  0.203000	  0.175000	  0.183000	  0.439000	
  0.969970	  0.011011	  0.008008	  0.011011	
  0.000000	  0.000000	  0.000000	  1.000000	
  0.000000	  0.000000	  0.000000	  1.000000	
  0.777000	  0.000000	  0.000000	  0.223000	
  0.469000	  0.068000	  0.177000	  0.286000	

MOTIF ARGFX ARGFX

letter-probability matrix: alength= 4 w= 8 nsites= 20 E= 0
  0.212000	  0.106000	  0.222000	  0.460000	
  0.022977	  0.463536	  0.125874	  0.387612	
  0.204795	  0.096903	  0.120879	  0.577423	
  0.743257	  0.079920	  0.046953	  0.129870	
  0.000000	  0.000000	  0.000000	  1.000000	
  0.000000	  0.000000	  0.000000	  1.000000	
  0.895000	  0.005000	  0.011000	  0.089000	
  0.715000	  0.033000	  0.010000	  0.242000	

MOTIF AR AR

letter-probability matrix: alength= 4 w= 7 nsites= 20 E= 0
  0.505000	  0.166000	  0.182000	  0.147000	
  1.000000	  0.000000	  0.000000	  0.000000	
  0.029000	  0.000000	  0.971000	  0.000000	
  0.562000	  0.202000	  0.000000	  0.236000	
  0.695000	  0.000000	  0.033000	  0.272000	
  0.000000	  1.000000	  0.000000	  0.000000	
  0.034000	  0.966000	  0.000000	  0.000000	

MOTIF ARNT2 ARNT2

letter-probability matrix: alength= 4 w= 9 nsites= 20 E= 0
  0.317682	  0.043956	  0.322677	  0.315684	
  0.099900	  0.089910	  0.284715	  0.525475	
  0.020979	  0.461538	  0.504496	  0.012987	
  0.024000	  0.000000	  0.976000	  0.000000	
  0.000000	  0.119880	  0.656344	  0.223776	
  0.000000	  0.014000	  0.986000	  0.000000	
  0.000000	  0.000000	  0.000000	  1.000000	
  0.000000	  0.000000	  1.000000	  0.000000	
  0.259259	  0.246246	  0.342342	  0.152152	

MOTIF ARNTL2 ARNTL2

letter-probability matrix: alength= 4 w= 9 nsites= 20 E= 0
  0.244000	  0.033000	  0.427000	  0.296000	
  0.061000	  0.192000	  0.101000	  0.646000	
  0.031000	  0.878000	  0.012000	  0.079000	
  0.026000	  0.000000	  0.974000	  0.000000	
  0.000000	  0.077000	  0.898000	  0.025000	
  0.000000	  0.137000	  0.863000	  0.000000	
  0.000000	  0.136000	  0.000000	  0.864000	
  0.000000	  0.000000	  1.000000	  0.000000	
  0.078078	  0.080080	  0.815816	  0.026026	

MOTIF ARNTL ARNTL

letter-probability matrix: alength= 4 w= 9 nsites= 20 E= 0
  0.293293	  0.000000	  0.277277	  0.429429	
  0.042000	  0.000000	  0.617000	  0.341000	
  0.000000	  0.000000	  0.000000	  1.000000	
  0.000000	  0.612613	  0.385385	  0.002002	
  0.000000	  0.000000	  1.000000	  0.000000	
  0.146000	  0.063000	  0.791000	  0.000000	
  0.673000	  0.119000	  0.208000	  0.000000	
  0.546000	  0.095000	  0.003000	  0.356000	
  0.418000	  0.112000	  0.389000	  0.081000	

MOTIF ARNT ARNT

letter-probability matrix: alength= 4 w= 9 nsites= 20 E= 0
  0.192192	  0.051051	  0.155155	  0.601602	
  0.104104	  0.023023	  0.450450	  0.422422	
  0.005000	  0.101000	  0.078000	  0.816000	
  0.000000	  0.129000	  0.871000	  0.000000	
  0.004000	  0.000000	  0.996000	  0.000000	
  0.011000	  0.000000	  0.989000	  0.000000	
  0.802000	  0.013000	  0.185000	  0.000000	
  0.097000	  0.027000	  0.088000	  0.788000	
  0.330669	  0.099900	  0.218781	  0.350649	

MOTIF ARX ARX

letter-probability matrix: alength= 4 w= 8 nsites= 20 E= 0
  0.293293	  0.323323	  0.111111	  0.272272	
  0.049000	  0.328000	  0.128000	  0.495000	
  0.157000	  0.172000	  0.174000	  0.497000	
  0.953000	  0.027000	  0.000000	  0.020000	
  0.000000	  0.000000	  0.000000	  1.000000	
  0.000000	  0.000000	  0.000000	  1.000000	
  0.930931	  0.033033	  0.018018	  0.018018	
  0.711289	  0.019980	  0.043956	  0.224775	

MOTIF ASCL1 ASCL1

letter-probability matrix: alength= 4 w= 8 nsites= 20 E= 0
  0.308000	  0.166000	  0.255000	  0.271000	
  0.000000	  0.762000	  0.000000	  0.238000	
  0.000000	  1.000000	  0.000000	  0.000000	
  0.078000	  0.922000	  0.000000	  0.000000	
  0.144000	  0.000000	  0.574000	  0.282000	
  0.558000	  0.442000	  0.000000	  0.000000	
  0.069000	  0.931000	  0.000000	  0.000000	
  0.157157	  0.175175	  0.277277	  0.390390	

MOTIF ASCL2 ASCL2

letter-probability matrix: alength= 4 w= 8 nsites= 20 E= 0
  0.253746	  0.301698	  0.239760	  0.204795	
  0.075000	  0.390000	  0.145000	  0.390000	
  0.056000	  0.435000	  0.138000	  0.371000	
  0.000000	  0.115000	  0.007000	  0.878000	
  0.000000	  0.000000	  1.000000	  0.000000	
  0.000000	  0.340000	  0.660000	  0.000000	
  0.145000	  0.000000	  0.819000	  0.036000	
  0.176176	  0.094094	  0.391391	  0.338338	

MOTIF ASCL3 ASCL3

letter-probability matrix: alength= 4 w= 8 nsites= 20 E= 0
  0.173173	  0.031031	  0.206206	  0.589590	
  0.011011	  0.337337	  0.024024	  0.627628	
  0.014000	  0.714000	  0.166000	  0.106000	
  0.000000	  0.308000	  0.000000	  0.692000	
  0.000000	  0.134000	  0.866000	  0.000000	
  0.032000	  0.921000	  0.047000	  0.000000	
  0.747000	  0.057000	  0.163000	  0.033000	
  0.343343	  0.239239	  0.417417	  0.000000	

MOTIF ASCL4 ASCL4

letter-probability matrix: alength= 4 w= 8 nsites= 20 E= 0
  0.203000	  0.101000	  0.046000	  0.650000	
  0.021000	  0.439000	  0.021000	  0.519000	
  0.031000	  0.487000	  0.273000	  0.209000	
  0.010000	  0.000000	  0.000000	  0.990000	
  0.000000	  0.000000	  1.000000	  0.000000	
  0.395604	  0.131868	  0.407592	  0.064935	
  0.832000	  0.000000	  0.159000	  0.009000	
  0.181181	  0.000000	  0.715716	  0.103103	

MOTIF ATF1 ATF1

letter-probability matrix: alength= 4 w= 8 nsites= 20 E= 0
  0.221000	  0.192000	  0.253000	  0.334000	
  0.076000	  0.329000	  0.294000	  0.301000	
  0.003996	  0.501499	  0.097902	  0.396603	
  0.028000	  0.000000	  0.000000	  0.972000	
  0.985000	  0.015000	  0.000000	  0.000000	
  1.000000	  0.000000	  0.000000	  0.000000	
  0.000000	  0.000000	  0.000000	  1.000000	
  0.416583	  0.188811	  0.165834	  0.228771	

MOTIF ATF2 ATF2

letter-probability matrix: alength= 4 w= 8 nsites= 20 E= 0
  0.007992	  0.296703	  0.329670	  0.365634	
  0.000000	  0.094000	  0.300000	  0.606000	
  0.000000	  0.000000	  0.000000	  1.000000	
  0.738000	  0.246000	  0.016000	  0.000000	
  1.000000	  0.000000	  0.000000	  0.000000	
  0.008000	  0.033000	  0.000000	  0.959000	
  0.739000	  0.246000	  0.015000	  0.000000	
  0.154000	  0.118000	  0.436000	  0.292000	

MOTIF ATF3 ATF3

letter-probability matrix: alength= 4 w= 8 nsites= 20 E= 0
  0.106000	  0.275000	  0.351000	  0.268000	
  0.000000	  0.119000	  0.595000	  0.286000	
  0.349000	  0.000000	  0.000000	  0.651000	
  0.018000	  0.982000	  0.000000	  0.000000	
  0.967000	  0.000000	  0.000000	  0.033000	
  0.000000	  0.000000	  0.000000	  1.000000	
  0.510000	  0.154000	  0.320000	  0.016000	
  0.200000	  0.094000	  0.634000	  0.072000	

MOTIF ATF4 ATF4

letter-probability matrix: alength= 4 w= 8 nsites= 20 E= 0
  0.251748	  0.162837	  0.223776	  0.361638	
  0.068931	  0.359640	  0.305694	  0.265734	
  0.000000	  0.000000	  1.000000	  0.000000	
  0.517000	  0.000000	  0.000000	  0.483000	
  1.000000	  0.000000	  0.000000	  0.000000	
  0.828000	  0.000000	  0.000000	  0.172000	
  0.005000	  0.000000	  0.000000	  0.995000	
  0.502498	  0.277722	  0.154845	  0.064935	

MOTIF ATF5 ATF5

letter-probability matrix: alength= 4 w= 8 nsites= 20 E= 0
  0.193000	  0.254000	  0.131000	  0.422000	
  0.000000	  0.000000	  0.889000	  0.111000	
  0.000000	  0.000000	  1.000000	  0.000000	
  0.241758	  0.000000	  0.059940	  0.698302	
  0.976000	  0.024000	  0.000000	  0.000000	
  1.000000	  0.000000	  0.000000	  0.000000	
  0.254000	  0.000000	  0.000000	  0.746000	
  0.440000	  0.303000	  0.152000	  0.105000	

MOTIF ATF6 ATF6

letter-probability matrix: alength= 4 w= 8 nsites= 20 E= 0
  0.297000	  0.098000	  0.244000	  0.361000	
  0.019000	  0.225000	  0.472000	  0.284000	
  0.000000	  0.000000	  1.000000	  0.000000	
  0.009009	  0.000000	  0.004004	  0.986987	
  0.742000	  0.253000	  0.000000	  0.005000	
  1.000000	  0.000000	  0.000000	  0.000000	
  0.415000	  0.064000	  0.000000	  0.521000	
  0.494000	  0.239000	  0.144000	  0.123000	

MOTIF ATF7 ATF7

letter-probability matrix: alength= 4 w= 8 nsites= 20 E= 0
  0.235000	  0.258000	  0.246000	  0.261000	
  0.000000	  0.083000	  0.411000	  0.506000	
  0.000000	  0.000000	  0.917000	  0.083000	
  0.000000	  0.000000	  0.000000	  1.000000	
  0.490490	  0.413413	  0.065065	  0.031031	
  1.000000	  0.000000	  0.000000	  0.000000	
  0.037000	  0.013000	  0.131000	  0.819000	
  0.725275	  0.155844	  0.118881	  0.000000	

MOTIF ATMIN ATMIN

letter-probability matrix: alength= 4 w= 9 nsites= 20 E= 0
  0.000000	  0.000000	  1.000000	  0.000000	
  0.000000	  0.000000	  1.000000	  0.000000	
  0.000000	  0.000000	  0.950000	  0.050000	
  0.853000	  0.000000	  0.000000	  0.147000	
  0.564436	  0.000000	  0.282717	  0.152847	
  0.396603	  0.000000	  0.058941	  0.544456	
  0.665666	  0.087087	  0.073073	  0.174174	
  0.253000	  0.250000	  0.247000	  0.250000	
  0.253000	  0.247000	  0.250000	  0.250000	

MOTIF ATOH1 ATOH1

letter-probability matrix: alength= 4 w= 8 nsites= 20 E= 0
  0.120879	  0.015984	  0.066933	  0.796204	
  0.000000	  0.084000	  0.000000	  0.916000	
  0.111000	  0.090000	  0.675000	  0.124000	
  0.000000	  0.000000	  0.000000	  1.000000	
  0.000000	  0.583000	  0.417000	  0.000000	
  0.000000	  0.000000	  1.000000	  0.000000	
  0.348000	  0.208000	  0.200000	  0.244000	
  0.483483	  0.062062	  0.192192	  0.262262	

MOTIF ATOH7 ATOH7

letter-probability matrix: alength= 4 w= 8 nsites= 20 E= 0
  0.179000	  0.111000	  0.088000	  0.622000	
  0.000000	  0.020000	  0.000000	  0.980000	
  0.110889	  0.009990	  0.733267	  0.145854	
  0.000000	  0.244000	  0.000000	  0.756000	
  0.000000	  1.000000	  0.000000	  0.000000	
  0.000000	  0.000000	  1.000000	  0.000000	
  0.324324	  0.238238	  0.179179	  0.258258	
  0.279000	  0.232000	  0.268000	  0.221000	

MOTIF ATOH8 ATOH8

letter-probability matrix: alength= 4 w= 8 nsites= 20 E= 0
  0.552448	  0.119880	  0.076923	  0.250749	
  0.000000	  0.257000	  0.000000	  0.743000	
  0.068000	  0.267000	  0.344000	  0.321000	
  0.000000	  0.044000	  0.000000	  0.956000	
  0.000000	  0.000000	  1.000000	  0.000000	
  0.024000	  0.479000	  0.497000	  0.000000	
  0.703000	  0.138000	  0.000000	  0.159000	
  0.074000	  0.012000	  0.025000	  0.889000	

MOTIF BACH1 BACH1

letter-probability matrix: alength= 4 w= 8 nsites= 20 E= 0
  0.223000	  0.131000	  0.321000	  0.325000	
  0.127000	  0.137000	  0.434000	  0.302000	
  0.000000	  0.000000	  0.905000	  0.095000	
  0.000000	  0.000000	  0.000000	  1.000000	
  0.474000	  0.514000	  0.000000	  0.012000	
  1.000000	  0.000000	  0.000000	  0.000000	
  0.000000	  0.000000	  0.000000	  1.000000	
  0.498000	  0.241000	  0.216000	  0.045000	

MOTIF BACH2 BACH2

letter-probability matrix: alength= 4 w= 8 nsites= 20 E= 0
  0.005994	  0.000000	  0.669331	  0.324675	
  0.222000	  0.525000	  0.000000	  0.253000	
  0.033000	  0.000000	  0.000000	  0.967000	
  1.000000	  0.000000	  0.000000	  0.000000	
  0.859860	  0.000000	  0.128128	  0.012012	
  0.000000	  0.025000	  0.000000	  0.975000	
  0.378000	  0.139000	  0.216000	  0.267000	
  0.349650	  0.019980	  0.368631	  0.261738	

MOTIF BARHL1 BARHL1

letter-probability matrix: alength= 4 w= 9 nsites= 20 E= 0
  0.298000	  0.156000	  0.095000	  0.451000	
  0.010000	  0.000000	  0.000000	  0.990000	
  1.000000	  0.000000	  0.000000	  0.000000	
  1.000000	  0.000000	  0.000000	  0.000000	
  0.107000	  0.000000	  0.000000	  0.893000	
  0.599000	  0.012000	  0.094000	  0.295000	
  0.313313	  0.037037	  0.432432	  0.217217	
  0.329000	  0.147000	  0.310000	  0.214000	
  0.367000	  0.267000	  0.281000	  0.085000	

MOTIF BARHL2 BARHL2

letter-probability matrix: alength= 4 w= 9 nsites= 20 E= 0
  0.543000	  0.003000	  0.288000	  0.166000	
  0.107000	  0.008000	  0.011000	  0.874000	
  1.000000	  0.000000	  0.000000	  0.000000	
  1.000000	  0.000000	  0.000000	  0.000000	
  0.270729	  0.000000	  0.002997	  0.726274	
  0.684000	  0.037000	  0.038000	  0.241000	
  0.574000	  0.014000	  0.303000	  0.109000	
  0.354000	  0.043000	  0.516000	  0.087000	
  0.357000	  0.098000	  0.304000	  0.241000	

MOTIF BARX1 BARX1

letter-probability matrix: alength= 4 w= 8 nsites= 20 E= 0
  0.229770	  0.340659	  0.139860	  0.289710	
  0.075000	  0.404000	  0.105000	  0.416000	
  0.421000	  0.165000	  0.074000	  0.340000	
  0.828000	  0.004000	  0.046000	  0.122000	
  0.000000	  0.000000	  0.000000	  1.000000	
  0.000000	  0.000000	  0.000000	  1.000000	
  0.996000	  0.000000	  0.004000	  0.000000	
  0.554000	  0.067000	  0.134000	  0.245000	

MOTIF BARX2 BARX2

letter-probability matrix: alength= 4 w= 8 nsites= 20 E= 0
  0.249750	  0.337662	  0.169830	  0.242757	
  0.060000	  0.392000	  0.120000	  0.428000	
  0.354000	  0.212000	  0.086000	  0.348000	
  0.988000	  0.000000	  0.008000	  0.004000	
  0.000000	  0.000000	  0.000000	  1.000000	
  0.000000	  0.000000	  0.000000	  1.000000	
  0.933000	  0.000000	  0.000000	  0.067000	
  0.446000	  0.101000	  0.311000	  0.142000	

MOTIF BATF2 BATF2

letter-probability matrix: alength= 4 w= 8 nsites= 20 E= 0
  0.254254	  0.184184	  0.242242	  0.319319	
  0.024024	  0.336336	  0.447447	  0.192192	
  0.000000	  0.000000	  1.000000	  0.000000	
  0.149000	  0.093000	  0.000000	  0.758000	
  1.000000	  0.000000	  0.000000	  0.000000	
  1.000000	  0.000000	  0.000000	  0.000000	
  0.007000	  0.000000	  0.000000	  0.993000	
  0.404000	  0.238000	  0.141000	  0.217000	

MOTIF BATF3 BATF3

letter-probability matrix: alength= 4 w= 8 nsites= 20 E= 0
  0.113000	  0.305000	  0.309000	  0.273000	
  0.165165	  0.087087	  0.323323	  0.424424	
  0.000000	  0.000000	  0.000000	  1.000000	
  0.157000	  0.843000	  0.000000	  0.000000	
  1.000000	  0.000000	  0.000000	  0.000000	
  0.000000	  0.000000	  0.000000	  1.000000	
  0.802000	  0.000000	  0.198000	  0.000000	
  0.298000	  0.187000	  0.278000	  0.237000	

MOTIF BATF BATF

letter-probability matrix: alength= 4 w= 8 nsites= 20 E= 0
  0.082000	  0.429000	  0.286000	  0.203000	
  0.000000	  0.138861	  0.533467	  0.327672	
  0.007000	  0.000000	  0.000000	  0.993000	
  0.000000	  0.971000	  0.029000	  0.000000	
  1.000000	  0.000000	  0.000000	  0.000000	
  0.059000	  0.000000	  0.000000	  0.941000	
  0.584000	  0.101000	  0.116000	  0.199000	
  0.431000	  0.126000	  0.259000	  0.184000	

MOTIF BAZ2B BAZ2B

letter-probability matrix: alength= 4 w= 8 nsites= 20 E= 0
  0.248248	  0.041041	  0.198198	  0.512513	
  0.889000	  0.000000	  0.000000	  0.111000	
  0.794000	  0.000000	  0.000000	  0.206000	
  0.011000	  0.000000	  0.000000	  0.989000	
  0.908000	  0.000000	  0.000000	  0.092000	
  0.902000	  0.000000	  0.000000	  0.098000	
  0.703000	  0.079000	  0.204000	  0.014000	
  0.334000	  0.075000	  0.054000	  0.537000	

MOTIF BCL11A BCL11A

letter-probability matrix: alength= 4 w= 9 nsites= 20 E= 0
  0.053946	  0.393606	  0.324675	  0.227772	
  0.024000	  0.115000	  0.371000	  0.490000	
  0.000000	  0.000000	  0.000000	  1.000000	
  0.487000	  0.057000	  0.000000	  0.456000	
  1.000000	  0.000000	  0.000000	  0.000000	
  0.736000	  0.000000	  0.264000	  0.000000	
  0.050000	  0.199000	  0.620000	  0.131000	
  0.825175	  0.047952	  0.109890	  0.016983	
  0.974000	  0.000000	  0.000000	  0.026000	

MOTIF BCL11B BCL11B

letter-probability matrix: alength= 4 w= 9 nsites= 20 E= 0
  0.039000	  0.368000	  0.306000	  0.287000	
  0.005000	  0.075000	  0.303000	  0.617000	
  0.000000	  0.000000	  0.000000	  1.000000	
  0.409590	  0.099900	  0.018981	  0.471528	
  1.000000	  0.000000	  0.000000	  0.000000	
  0.687313	  0.027972	  0.249750	  0.034965	
  0.050949	  0.168831	  0.635365	  0.144855	
  0.869870	  0.046046	  0.066066	  0.018018	
  1.000000	  0.000000	  0.000000	  0.000000	

MOTIF BCL6B BCL6B

letter-probability matrix: alength= 4 w= 9 nsites= 20 E= 0
  0.312312	  0.575576	  0.000000	  0.112112	
  1.000000	  0.000000	  0.000000	  0.000000	
  0.324675	  0.289710	  0.385614	  0.000000	
  0.196000	  0.000000	  0.000000	  0.804000	
  0.468000	  0.000000	  0.457000	  0.075000	
  0.247752	  0.000000	  0.286713	  0.465534	
  0.000000	  0.000000	  0.000000	  1.000000	
  0.923000	  0.000000	  0.000000	  0.077000	
  0.250000	  0.250000	  0.250000	  0.250000	

MOTIF BCL6 BCL6

letter-probability matrix: alength= 4 w= 9 nsites= 20 E= 0
  0.266266	  0.160160	  0.305305	  0.268268	
  0.184184	  0.113113	  0.125125	  0.577578	
  0.706000	  0.000000	  0.030000	  0.264000	
  0.008000	  0.000000	  0.000000	  0.992000	
  0.000000	  1.000000	  0.000000	  0.000000	
  0.109000	  0.618000	  0.236000	  0.037000	
  0.000000	  0.000000	  1.000000	  0.000000	
  0.000000	  0.024000	  0.942000	  0.034000	
  0.396000	  0.065000	  0.081000	  0.458000	

MOTIF BHLHA15 BHLHA15

letter-probability matrix: alength= 4 w= 8 nsites= 20 E= 0
  0.294000	  0.218000	  0.046000	  0.442000	
  0.122000	  0.091000	  0.000000	  0.787000	
  0.000000	  0.131000	  0.000000	  0.869000	
  0.095000	  0.052000	  0.125000	  0.728000	
  0.000000	  0.000000	  0.000000	  1.000000	
  0.000000	  0.000000	  1.000000	  0.000000	
  0.000000	  0.939000	  0.061000	  0.000000	
  0.644000	  0.018000	  0.035000	  0.303000	

MOTIF BHLHA9 BHLHA9

letter-probability matrix: alength= 4 w= 8 nsites= 20 E= 0
  0.166000	  0.221000	  0.268000	  0.345000	
  0.014985	  0.544456	  0.041958	  0.398601	
  0.082000	  0.245000	  0.225000	  0.448000	
  0.050000	  0.212000	  0.000000	  0.738000	
  0.069069	  0.818819	  0.112112	  0.000000	
  0.163000	  0.094000	  0.743000	  0.000000	
  0.297000	  0.447000	  0.256000	  0.000000	
  0.431000	  0.022000	  0.222000	  0.325000	

MOTIF BHLHE22 BHLHE22

letter-probability matrix: alength= 4 w= 8 nsites= 20 E= 0
  0.273726	  0.000000	  0.089910	  0.636364	
  0.000000	  0.888000	  0.000000	  0.112000	
  0.000000	  1.000000	  0.000000	  0.000000	
  0.040000	  0.264000	  0.000000	  0.696000	
  0.000000	  1.000000	  0.000000	  0.000000	
  0.144000	  0.834000	  0.022000	  0.000000	
  0.700000	  0.165000	  0.115000	  0.020000	
  0.650000	  0.024000	  0.307000	  0.019000	

MOTIF BHLHE23 BHLHE23

letter-probability matrix: alength= 4 w= 8 nsites= 20 E= 0
  0.051000	  0.074000	  0.028000	  0.847000	
  0.000000	  0.094000	  0.000000	  0.906000	
  0.013000	  0.059000	  0.522000	  0.406000	
  0.074074	  0.651652	  0.000000	  0.274274	
  0.000000	  1.000000	  0.000000	  0.000000	
  0.000000	  0.000000	  1.000000	  0.000000	
  0.588589	  0.286286	  0.064064	  0.061061	
  0.732268	  0.056943	  0.147852	  0.062937	

MOTIF BHLHE40 BHLHE40

letter-probability matrix: alength= 4 w= 9 nsites= 20 E= 0
  0.211211	  0.008008	  0.236236	  0.544545	
  0.000000	  0.055000	  0.258000	  0.687000	
  0.010000	  0.523000	  0.147000	  0.320000	
  0.280719	  0.000000	  0.680320	  0.038961	
  0.057000	  0.202000	  0.486000	  0.255000	
  0.013000	  0.000000	  0.987000	  0.000000	
  0.000000	  0.000000	  0.000000	  1.000000	
  0.014000	  0.000000	  0.971000	  0.015000	
  0.777000	  0.047000	  0.170000	  0.006000	

MOTIF BHLHE41 BHLHE41

letter-probability matrix: alength= 4 w= 9 nsites= 20 E= 0
  0.187000	  0.039000	  0.306000	  0.468000	
  0.017982	  0.132867	  0.153846	  0.695305	
  0.008008	  0.344344	  0.169169	  0.478478	
  0.101000	  0.000000	  0.865000	  0.034000	
  0.000000	  0.137000	  0.818000	  0.045000	
  0.000000	  0.000000	  1.000000	  0.000000	
  0.000000	  0.000000	  0.000000	  1.000000	
  0.025000	  0.000000	  0.967000	  0.008000	
  0.739740	  0.034034	  0.202202	  0.024024	

MOTIF BNC1 BNC1

letter-probability matrix: alength= 4 w= 8 nsites= 20 E= 0
  0.000000	  0.085000	  0.510000	  0.405000	
  0.007000	  0.053000	  0.046000	  0.894000	
  0.000000	  0.000000	  0.000000	  1.000000	
  0.919000	  0.008000	  0.000000	  0.073000	
  0.467000	  0.360000	  0.000000	  0.173000	
  0.666000	  0.023000	  0.057000	  0.254000	
  0.370629	  0.393606	  0.178821	  0.056943	
  0.171000	  0.529000	  0.000000	  0.300000	

MOTIF BNC2 BNC2

letter-probability matrix: alength= 4 w= 8 nsites= 20 E= 0
  0.000000	  0.020000	  0.000000	  0.980000	
  0.779780	  0.073073	  0.000000	  0.147147	
  0.980000	  0.000000	  0.000000	  0.020000	
  1.000000	  0.000000	  0.000000	  0.000000	
  0.828000	  0.065000	  0.000000	  0.107000	
  0.023976	  0.178821	  0.037962	  0.759241	
  0.155000	  0.703000	  0.124000	  0.018000	
  0.541459	  0.204795	  0.000000	  0.253746	

MOTIF BSX BSX

letter-probability matrix: alength= 4 w= 9 nsites= 20 E= 0
  0.353000	  0.208000	  0.147000	  0.292000	
  0.235000	  0.139000	  0.108000	  0.518000	
  1.000000	  0.000000	  0.000000	  0.000000	
  1.000000	  0.000000	  0.000000	  0.000000	
  0.008000	  0.000000	  0.011000	  0.981000	
  0.697000	  0.000000	  0.022000	  0.281000	
  0.286000	  0.000000	  0.539000	  0.175000	
  0.339000	  0.000000	  0.661000	  0.000000	
  0.457542	  0.040959	  0.337662	  0.163836	

MOTIF CASZ1 CASZ1

letter-probability matrix: alength= 4 w= 7 nsites= 20 E= 0
  0.983000	  0.017000	  0.000000	  0.000000	
  0.377000	  0.037000	  0.000000	  0.586000	
  0.976000	  0.000000	  0.000000	  0.024000	
  0.420000	  0.000000	  0.000000	  0.580000	
  0.033966	  0.143856	  0.000000	  0.822178	
  0.000000	  0.000000	  0.325000	  0.675000	
  0.138000	  0.038000	  0.545000	  0.279000	

MOTIF CCDC79 CCDC79

letter-probability matrix: alength= 4 w= 9 nsites= 20 E= 0
  0.059000	  0.065000	  0.000000	  0.876000	
  0.912000	  0.000000	  0.016000	  0.072000	
  0.946000	  0.000000	  0.000000	  0.054000	
  0.858000	  0.089000	  0.053000	  0.000000	
  0.367367	  0.553554	  0.000000	  0.079079	
  0.029000	  0.085000	  0.015000	  0.871000	
  0.355000	  0.042000	  0.221000	  0.382000	
  0.689000	  0.080000	  0.079000	  0.152000	
  0.000000	  0.000000	  0.936000	  0.064000	

MOTIF CDC5L CDC5L

letter-probability matrix: alength= 4 w= 9 nsites= 20 E= 0
  0.408000	  0.033000	  0.319000	  0.240000	
  0.000000	  1.000000	  0.000000	  0.000000	
  0.023000	  0.937000	  0.034000	  0.006000	
  1.000000	  0.000000	  0.000000	  0.000000	
  0.071000	  0.006000	  0.760000	  0.163000	
  0.000000	  0.000000	  0.995000	  0.005000	
  0.066000	  0.338000	  0.555000	  0.041000	
  0.118000	  0.272000	  0.000000	  0.610000	
  0.562000	  0.124000	  0.030000	  0.284000	

MOTIF CDX1 CDX1

letter-probability matrix: alength= 4 w= 8 nsites= 20 E= 0
  0.149000	  0.321000	  0.199000	  0.331000	
  0.106000	  0.326000	  0.000000	  0.568000	
  0.198801	  0.026973	  0.077922	  0.696304	
  1.000000	  0.000000	  0.000000	  0.000000	
  0.000000	  0.000000	  0.000000	  1.000000	
  0.000000	  0.000000	  0.000000	  1.000000	
  0.988000	  0.012000	  0.000000	  0.000000	
  0.574000	  0.091000	  0.093000	  0.242000	

MOTIF CDX2 CDX2

letter-probability matrix: alength= 4 w= 8 nsites= 20 E= 0
  0.346346	  0.235235	  0.078078	  0.340340	
  0.039000	  0.257000	  0.037000	  0.667000	
  0.245000	  0.088000	  0.028000	  0.639000	
  0.920000	  0.000000	  0.039000	  0.041000	
  0.000000	  0.000000	  0.000000	  1.000000	
  0.000000	  0.000000	  0.000000	  1.000000	
  0.988000	  0.000000	  0.012000	  0.000000	
  0.648000	  0.026000	  0.117000	  0.209000	

MOTIF CDX4 CDX4

letter-probability matrix: alength= 4 w= 8 nsites= 20 E= 0
  0.335000	  0.261000	  0.096000	  0.308000	
  0.035035	  0.182182	  0.000000	  0.782783	
  0.174000	  0.236000	  0.068000	  0.522000	
  0.937000	  0.000000	  0.041000	  0.022000	
  0.000000	  0.000000	  0.000000	  1.000000	
  0.000000	  0.000000	  0.000000	  1.000000	
  1.000000	  0.000000	  0.000000	  0.000000	
  0.584000	  0.067000	  0.075000	  0.274000	

MOTIF CEBPA CEBPA

letter-probability matrix: alength= 4 w= 7 nsites= 20 E= 0
  0.000000	  0.132000	  0.668000	  0.200000	
  0.000000	  0.000000	  1.000000	  0.000000	
  0.000000	  0.813000	  0.093000	  0.094000	
  0.358000	  0.552000	  0.090000	  0.000000	
  1.000000	  0.000000	  0.000000	  0.000000	
  0.105000	  0.000000	  0.000000	  0.895000	
  0.270000	  0.338000	  0.202000	  0.190000	

MOTIF CEBPB CEBPB

letter-probability matrix: alength= 4 w= 7 nsites= 20 E= 0
  0.000000	  0.000000	  1.000000	  0.000000	
  0.000000	  0.000000	  0.919000	  0.081000	
  0.000000	  0.000000	  0.000000	  1.000000	
  1.000000	  0.000000	  0.000000	  0.000000	
  1.000000	  0.000000	  0.000000	  0.000000	
  0.000000	  0.000000	  0.000000	  1.000000	
  0.198000	  0.221000	  0.193000	  0.388000	

MOTIF CEBPE CEBPE

letter-probability matrix: alength= 4 w= 7 nsites= 20 E= 0
  0.000000	  0.237000	  0.492000	  0.271000	
  0.000000	  0.000000	  1.000000	  0.000000	
  0.000000	  0.418000	  0.066000	  0.516000	
  1.000000	  0.000000	  0.000000	  0.000000	
  1.000000	  0.000000	  0.000000	  0.000000	
  0.000000	  0.000000	  0.000000	  1.000000	
  0.213000	  0.281000	  0.215000	  0.291000	

MOTIF CEBPG CEBPG

letter-probability matrix: alength= 4 w= 7 nsites= 20 E= 0
  0.000000	  0.084084	  0.891892	  0.024024	
  0.000000	  0.000000	  1.000000	  0.000000	
  0.000000	  0.478000	  0.238000	  0.284000	
  0.525000	  0.475000	  0.000000	  0.000000	
  1.000000	  0.000000	  0.000000	  0.000000	
  0.000000	  0.000000	  0.000000	  1.000000	
  0.115000	  0.278000	  0.207000	  0.400000	

MOTIF CEBPZ CEBPZ

letter-probability matrix: alength= 4 w= 6 nsites= 20 E= 0
  0.016000	  0.619000	  0.040000	  0.325000	
  0.403000	  0.113000	  0.120000	  0.364000	
  0.043000	  0.000000	  0.957000	  0.000000	
  0.000000	  1.000000	  0.000000	  0.000000	
  0.070000	  0.625000	  0.305000	  0.000000	
  0.409000	  0.000000	  0.034000	  0.557000	

MOTIF CENPB CENPB

letter-probability matrix: alength= 4 w= 6 nsites= 20 E= 0
  0.028000	  0.057000	  0.073000	  0.842000	
  0.216000	  0.071000	  0.000000	  0.713000	
  1.000000	  0.000000	  0.000000	  0.000000	
  0.189189	  0.637638	  0.000000	  0.173173	
  1.000000	  0.000000	  0.000000	  0.000000	
  0.313000	  0.000000	  0.185000	  0.502000	

MOTIF CERS2 CERS2

letter-probability matrix: alength= 4 w= 8 nsites= 20 E= 0
  0.000000	  0.000000	  0.835000	  0.165000	
  0.223000	  0.000000	  0.062000	  0.715000	
  0.000000	  0.969000	  0.000000	  0.031000	
  0.000000	  0.000000	  0.000000	  1.000000	
  0.290000	  0.000000	  0.142000	  0.568000	
  1.000000	  0.000000	  0.000000	  0.000000	
  1.000000	  0.000000	  0.000000	  0.000000	
  0.301000	  0.113000	  0.077000	  0.509000	

MOTIF CERS4 CERS4

letter-probability matrix: alength= 4 w= 8 nsites= 20 E= 0
  0.214000	  0.007000	  0.458000	  0.321000	
  0.495000	  0.119000	  0.380000	  0.006000	
  0.971000	  0.000000	  0.000000	  0.029000	
  0.492000	  0.079000	  0.000000	  0.429000	
  0.020000	  0.000000	  0.000000	  0.980000	
  1.000000	  0.000000	  0.000000	  0.000000	
  0.527000	  0.181000	  0.000000	  0.292000	
  0.753754	  0.138138	  0.000000	  0.108108	

MOTIF CERS5 CERS5

letter-probability matrix: alength= 4 w= 8 nsites= 20 E= 0
  0.297702	  0.291708	  0.090909	  0.319680	
  0.000000	  0.041000	  0.048000	  0.911000	
  0.835000	  0.000000	  0.056000	  0.109000	
  0.496503	  0.033966	  0.430569	  0.038961	
  0.895000	  0.105000	  0.000000	  0.000000	
  0.000000	  0.000000	  0.000000	  1.000000	
  0.721279	  0.205794	  0.072927	  0.000000	
  0.419000	  0.066000	  0.286000	  0.229000	

MOTIF CHAMP1 CHAMP1

letter-probability matrix: alength= 4 w= 9 nsites= 20 E= 0
  0.077000	  0.198000	  0.401000	  0.324000	
  1.000000	  0.000000	  0.000000	  0.000000	
  0.032967	  0.000000	  0.020979	  0.946054	
  0.000000	  0.000000	  0.004000	  0.996000	
  0.402000	  0.598000	  0.000000	  0.000000	
  0.996000	  0.000000	  0.004000	  0.000000	
  0.066000	  0.136000	  0.216000	  0.582000	
  0.178178	  0.082082	  0.173173	  0.566567	
  0.226000	  0.454000	  0.000000	  0.320000	

MOTIF CHD1 CHD1

letter-probability matrix: alength= 4 w= 8 nsites= 20 E= 0
  0.096000	  0.000000	  0.855000	  0.049000	
  0.039039	  0.017017	  0.674675	  0.269269	
  0.026000	  0.027000	  0.000000	  0.947000	
  0.000000	  0.000000	  0.000000	  1.000000	
  0.038000	  0.000000	  0.000000	  0.962000	
  0.384000	  0.065000	  0.000000	  0.551000	
  0.411588	  0.155844	  0.120879	  0.311688	
  0.627000	  0.153000	  0.000000	  0.220000	

MOTIF CHD2 CHD2

letter-probability matrix: alength= 4 w= 8 nsites= 20 E= 0
  0.103000	  0.000000	  0.874000	  0.023000	
  0.544545	  0.085085	  0.361361	  0.009009	
  0.007007	  0.146146	  0.007007	  0.839840	
  0.080000	  0.169000	  0.000000	  0.751000	
  0.205000	  0.000000	  0.000000	  0.795000	
  0.152000	  0.024000	  0.023000	  0.801000	
  0.852000	  0.124000	  0.024000	  0.000000	
  0.587413	  0.095904	  0.007992	  0.308691	

MOTIF CIZ1 CIZ1

letter-probability matrix: alength= 4 w= 9 nsites= 20 E= 0
  0.376623	  0.016983	  0.551449	  0.054945	
  0.000000	  0.000000	  0.985000	  0.015000	
  0.265000	  0.000000	  0.735000	  0.000000	
  0.022000	  0.515000	  0.420000	  0.043000	
  0.500000	  0.500000	  0.000000	  0.000000	
  0.769000	  0.000000	  0.231000	  0.000000	
  0.444444	  0.373373	  0.028028	  0.154154	
  0.072000	  0.928000	  0.000000	  0.000000	
  0.642000	  0.283000	  0.043000	  0.032000	

MOTIF CLOCK CLOCK

letter-probability matrix: alength= 4 w= 9 nsites= 20 E= 0
  0.060000	  0.006000	  0.574000	  0.360000	
  0.020000	  0.034000	  0.925000	  0.021000	
  0.000000	  0.853000	  0.135000	  0.012000	
  0.212000	  0.000000	  0.754000	  0.034000	
  0.006000	  0.121000	  0.302000	  0.571000	
  0.205000	  0.531000	  0.264000	  0.000000	
  0.045045	  0.077077	  0.005005	  0.872873	
  0.000000	  0.000000	  1.000000	  0.000000	
  0.070000	  0.162000	  0.763000	  0.005000	

MOTIF CREB1 CREB1

letter-probability matrix: alength= 4 w= 8 nsites= 20 E= 0
  0.199199	  0.172172	  0.244244	  0.384384	
  0.000000	  0.148148	  0.158158	  0.693694	
  0.000000	  0.000000	  1.000000	  0.000000	
  0.184000	  0.000000	  0.000000	  0.816000	
  0.831169	  0.112887	  0.000000	  0.055944	
  1.000000	  0.000000	  0.000000	  0.000000	
  0.000000	  0.000000	  0.000000	  1.000000	
  0.545000	  0.195000	  0.176000	  0.084000	

MOTIF CREB3L1 CREB3L1

letter-probability matrix: alength= 4 w= 8 nsites= 20 E= 0
  0.207000	  0.160000	  0.261000	  0.372000	
  0.116000	  0.070000	  0.246000	  0.568000	
  0.000000	  0.000000	  0.973000	  0.027000	
  0.027000	  0.000000	  0.000000	  0.973000	
  0.608000	  0.177000	  0.010000	  0.205000	
  1.000000	  0.000000	  0.000000	  0.000000	
  0.240000	  0.010000	  0.000000	  0.750000	
  0.857858	  0.059059	  0.027027	  0.056056	

MOTIF CREB3L2 CREB3L2

letter-probability matrix: alength= 4 w= 8 nsites= 20 E= 0
  0.207000	  0.177000	  0.321000	  0.295000	
  0.082082	  0.309309	  0.332332	  0.276276	
  0.000000	  0.000000	  0.990000	  0.010000	
  0.078000	  0.000000	  0.000000	  0.922000	
  0.994000	  0.000000	  0.000000	  0.006000	
  1.000000	  0.000000	  0.000000	  0.000000	
  0.645000	  0.010000	  0.000000	  0.345000	
  0.507493	  0.141858	  0.159840	  0.190809	

MOTIF CREB3L3 CREB3L3

letter-probability matrix: alength= 4 w= 8 nsites= 20 E= 0
  0.000000	  0.000000	  0.901000	  0.099000	
  0.000000	  0.035035	  0.693694	  0.271271	
  0.540000	  0.000000	  0.000000	  0.460000	
  1.000000	  0.000000	  0.000000	  0.000000	
  1.000000	  0.000000	  0.000000	  0.000000	
  0.203000	  0.000000	  0.000000	  0.797000	
  0.687000	  0.054000	  0.186000	  0.073000	
  0.142000	  0.050000	  0.615000	  0.193000	

MOTIF CREB3L4 CREB3L4

letter-probability matrix: alength= 4 w= 8 nsites= 20 E= 0
  0.112000	  0.000000	  0.517000	  0.371000	
  0.027027	  0.159159	  0.154154	  0.659660	
  0.172000	  0.145000	  0.000000	  0.683000	
  0.874000	  0.126000	  0.000000	  0.000000	
  1.000000	  0.000000	  0.000000	  0.000000	
  0.015000	  0.000000	  0.000000	  0.985000	
  0.670000	  0.083000	  0.141000	  0.106000	
  0.188000	  0.072000	  0.571000	  0.169000	

MOTIF CREB3 CREB3

letter-probability matrix: alength= 4 w= 8 nsites= 20 E= 0
  0.256000	  0.096000	  0.338000	  0.310000	
  0.401401	  0.054054	  0.211211	  0.333333	
  0.235000	  0.067000	  0.119000	  0.579000	
  0.966000	  0.034000	  0.000000	  0.000000	
  1.000000	  0.000000	  0.000000	  0.000000	
  0.029000	  0.078000	  0.000000	  0.893000	
  0.372000	  0.565000	  0.017000	  0.046000	
  0.054054	  0.575576	  0.021021	  0.349349	

MOTIF CREB5 CREB5

letter-probability matrix: alength= 4 w= 8 nsites= 20 E= 0
  0.016983	  0.174825	  0.644356	  0.163836	
  0.000000	  0.000000	  1.000000	  0.000000	
  0.343000	  0.000000	  0.038000	  0.619000	
  1.000000	  0.000000	  0.000000	  0.000000	
  1.000000	  0.000000	  0.000000	  0.000000	
  0.000000	  0.014000	  0.000000	  0.986000	
  0.463000	  0.368000	  0.137000	  0.032000	
  0.168168	  0.169169	  0.320320	  0.342342	

MOTIF CREBL2 CREBL2

letter-probability matrix: alength= 4 w= 8 nsites= 20 E= 0
  0.283000	  0.177000	  0.280000	  0.260000	
  0.000000	  0.080000	  0.220000	  0.700000	
  0.000000	  0.000000	  1.000000	  0.000000	
  0.000000	  0.000000	  0.000000	  1.000000	
  0.321000	  0.027000	  0.042000	  0.610000	
  1.000000	  0.000000	  0.000000	  0.000000	
  0.664000	  0.130000	  0.105000	  0.101000	
  0.438000	  0.091000	  0.122000	  0.349000	

MOTIF CREBRF CREBRF

letter-probability matrix: alength= 4 w= 8 nsites= 20 E= 0
  0.029970	  0.273726	  0.571429	  0.124875	
  0.162162	  0.237237	  0.254254	  0.346346	
  0.433000	  0.000000	  0.000000	  0.567000	
  0.763000	  0.237000	  0.000000	  0.000000	
  0.993000	  0.000000	  0.000000	  0.007000	
  0.000000	  0.000000	  0.000000	  1.000000	
  0.644000	  0.071000	  0.074000	  0.211000	
  0.239000	  0.277000	  0.230000	  0.254000	

MOTIF CREBZF CREBZF

letter-probability matrix: alength= 4 w= 8 nsites= 20 E= 0
  0.000000	  0.000000	  0.894000	  0.106000	
  0.245000	  0.251000	  0.065000	  0.439000	
  0.000000	  0.000000	  0.000000	  1.000000	
  0.190000	  0.000000	  0.157000	  0.653000	
  1.000000	  0.000000	  0.000000	  0.000000	
  0.397397	  0.356356	  0.000000	  0.246246	
  0.210000	  0.110000	  0.000000	  0.680000	
  0.324324	  0.341341	  0.273273	  0.061061	

MOTIF CREM CREM

letter-probability matrix: alength= 4 w= 8 nsites= 20 E= 0
  0.217217	  0.189189	  0.233233	  0.360360	
  0.000000	  0.174000	  0.136000	  0.690000	
  0.000000	  0.000000	  1.000000	  0.000000	
  0.300000	  0.000000	  0.000000	  0.700000	
  0.855000	  0.097000	  0.000000	  0.048000	
  1.000000	  0.000000	  0.000000	  0.000000	
  0.000000	  0.000000	  0.000000	  1.000000	
  0.556000	  0.168000	  0.204000	  0.072000	

MOTIF CRX CRX

letter-probability matrix: alength= 4 w= 9 nsites= 20 E= 0
  0.331000	  0.163000	  0.043000	  0.463000	
  0.000000	  0.000000	  0.000000	  1.000000	
  1.000000	  0.000000	  0.000000	  0.000000	
  1.000000	  0.000000	  0.000000	  0.000000	
  0.088911	  0.000000	  0.002997	  0.908092	
  0.242000	  0.445000	  0.135000	  0.178000	
  0.291000	  0.685000	  0.024000	  0.000000	
  0.149850	  0.114885	  0.296703	  0.438561	
  0.287000	  0.198000	  0.244000	  0.271000	

MOTIF CTCFL CTCFL

letter-probability matrix: alength= 4 w= 9 nsites= 20 E= 0
  0.215215	  0.213213	  0.000000	  0.571572	
  0.704000	  0.000000	  0.011000	  0.285000	
  0.021000	  0.000000	  0.033000	  0.946000	
  0.070000	  0.032000	  0.217000	  0.681000	
  0.106893	  0.129870	  0.640360	  0.122877	
  0.000000	  0.000000	  1.000000	  0.000000	
  0.000000	  0.368000	  0.632000	  0.000000	
  0.000000	  0.884000	  0.116000	  0.000000	
  0.250000	  0.244000	  0.253000	  0.253000	

MOTIF CTCF CTCF

letter-probability matrix: alength= 4 w= 9 nsites= 20 E= 0
  0.215000	  0.272000	  0.244000	  0.269000	
  0.247000	  0.298000	  0.162000	  0.293000	
  0.373373	  0.000000	  0.004004	  0.622623	
  0.078921	  0.065934	  0.000000	  0.855145	
  1.000000	  0.000000	  0.000000	  0.000000	
  0.492000	  0.000000	  0.000000	  0.508000	
  0.000000	  0.000000	  1.000000	  0.000000	
  0.000000	  1.000000	  0.000000	  0.000000	
  0.308000	  0.300000	  0.157000	  0.235000	

MOTIF CUX2 CUX2

letter-probability matrix: alength= 4 w= 6 nsites= 20 E= 0
  0.885000	  0.000000	  0.000000	  0.115000	
  0.000000	  0.000000	  0.000000	  1.000000	
  0.000000	  0.000000	  0.000000	  1.000000	
  0.764000	  0.096000	  0.042000	  0.098000	
  0.485000	  0.000000	  0.159000	  0.356000	
  0.230769	  0.098901	  0.309690	  0.360639	

MOTIF DBP DBP

letter-probability matrix: alength= 4 w= 8 nsites= 20 E= 0
  0.094905	  0.041958	  0.278721	  0.584416	
  0.031000	  0.135000	  0.199000	  0.635000	
  0.000000	  0.015000	  0.581000	  0.404000	
  0.225000	  0.000000	  0.000000	  0.775000	
  0.644000	  0.347000	  0.009000	  0.000000	
  1.000000	  0.000000	  0.000000	  0.000000	
  0.200000	  0.004000	  0.000000	  0.796000	
  0.582000	  0.009000	  0.211000	  0.198000	

MOTIF DBX1 DBX1

letter-probability matrix: alength= 4 w= 9 nsites= 20 E= 0
  0.039000	  0.090000	  0.031000	  0.840000	
  0.064064	  0.296296	  0.223223	  0.416416	
  0.985000	  0.000000	  0.000000	  0.015000	
  0.985000	  0.000000	  0.000000	  0.015000	
  0.080080	  0.293293	  0.178178	  0.448448	
  0.788000	  0.000000	  0.207000	  0.005000	
  0.000000	  0.000000	  1.000000	  0.000000	
  0.092092	  0.009009	  0.847848	  0.051051	
  0.439000	  0.036000	  0.350000	  0.175000	

MOTIF DBX2 DBX2

letter-probability matrix: alength= 4 w= 7 nsites= 20 E= 0
  0.499000	  0.130000	  0.192000	  0.179000	
  0.161000	  0.192000	  0.409000	  0.238000	
  0.095000	  0.099000	  0.140000	  0.666000	
  1.000000	  0.000000	  0.000000	  0.000000	
  1.000000	  0.000000	  0.000000	  0.000000	
  0.079920	  0.005994	  0.005994	  0.908092	
  0.300300	  0.025025	  0.302302	  0.372372	

MOTIF DDIT3 DDIT3

letter-probability matrix: alength= 4 w= 8 nsites= 20 E= 0
  0.146000	  0.127000	  0.072000	  0.655000	
  0.068068	  0.081081	  0.193193	  0.657658	
  0.926000	  0.074000	  0.000000	  0.000000	
  0.018000	  0.000000	  0.000000	  0.982000	
